34 22
......................
......................
..@@.@@.@@.@@.@@.@@...
......................
..@@.@@.@@.@@.@@.@@...
......................
..@@.@@.@@.@@.@@.@@...
......................
..@@.@@.@@.@@.@@.@@...
......................
..@@.@@.@@.@@.@@.@@...
......................
..@@.@@.@@.@@.@@.@@...
......................
..@@.@@.@@.@@.@@.@@...
......................
..@@.@@.@@.@@.@@.@@...
......................
..@@.@@.@@.@@.@@.@@...
......................
..@@.@@.@@.@@.@@.@@...
......................
..@@.@@.@@.@@.@@.@@...
......................
..@@.@@.@@.@@.@@.@@...
......................
..@@.@@.@@.@@.@@.@@...
......................
..@@.@@.@@.@@.@@.@@...
......................
..@@.@@.@@.@@.@@.@@...
......................
......................
......................
26
32 18 2 0
28 21 0 0
33 17 0 1
2 1 32 21
33 16 1 0
28 1 0 21
3 1 33 21
0 20 32 4
3 21 31 1
0 16 32 0
1 0 30 20
0 4 32 20
33 0 0 15
33 1 0 17
32 20 3 1
32 21 1 2
0 21 29 0
33 2 1 19
33 19 1 3
32 4 0 20
33 21 0 5
0 3 33 18
0 0 27 21
1 3 33 19
3 18 33 0
0 5 33 20
