42 28
............................
............................
..@@.@@.@@.@@.@@.@@.@@.@@...
............................
..@@.@@.@@.@@.@@.@@.@@.@@...
............................
..@@.@@.@@.@@.@@.@@.@@.@@...
............................
..@@.@@.@@.@@.@@.@@.@@.@@...
............................
..@@.@@.@@.@@.@@.@@.@@.@@...
............................
..@@.@@.@@.@@.@@.@@.@@.@@...
............................
..@@.@@.@@.@@.@@.@@.@@.@@...
............................
..@@.@@.@@.@@.@@.@@.@@.@@...
............................
..@@.@@.@@.@@.@@.@@.@@.@@...
............................
..@@.@@.@@.@@.@@.@@.@@.@@...
............................
..@@.@@.@@.@@.@@.@@.@@.@@...
............................
..@@.@@.@@.@@.@@.@@.@@.@@...
............................
..@@.@@.@@.@@.@@.@@.@@.@@...
............................
..@@.@@.@@.@@.@@.@@.@@.@@...
............................
..@@.@@.@@.@@.@@.@@.@@.@@...
............................
..@@.@@.@@.@@.@@.@@.@@.@@...
............................
..@@.@@.@@.@@.@@.@@.@@.@@...
............................
..@@.@@.@@.@@.@@.@@.@@.@@...
............................
..@@.@@.@@.@@.@@.@@.@@.@@...
............................
............................
............................
29
15 26 38 0
16 25 39 4
32 13 0 21
5 3 37 16
32 10 3 26
37 20 16 0
1 2 31 21
15 21 36 0
17 2 38 26
3 10 39 16
23 3 3 24
8 19 40 1
13 13 41 0
5 17 31 2
41 6 13 17
2 22 39 3
5 27 21 2
3 15 39 27
10 0 29 27
0 17 35 7
17 4 39 26
35 15 0 11
26 26 3 4
23 2 6 25
30 16 0 7
12 27 27 1
24 0 7 24
26 19 5 0
28 4 2 26
