44 16
................
................
..@@.@@.@@.@@...
................
..@@.@@.@@.@@...
................
..@@.@@.@@.@@...
................
..@@.@@.@@.@@...
................
..@@.@@.@@.@@...
................
..@@.@@.@@.@@...
................
..@@.@@.@@.@@...
................
..@@.@@.@@.@@...
................
..@@.@@.@@.@@...
................
..@@.@@.@@.@@...
................
..@@.@@.@@.@@...
................
..@@.@@.@@.@@...
................
..@@.@@.@@.@@...
................
..@@.@@.@@.@@...
................
..@@.@@.@@.@@...
................
..@@.@@.@@.@@...
................
..@@.@@.@@.@@...
................
..@@.@@.@@.@@...
................
..@@.@@.@@.@@...
................
..@@.@@.@@.@@...
................
................
................
29
14 10 42 1
13 0 41 11
31 15 1 2
6 13 35 2
42 7 6 14
7 4 36 14
7 15 38 0
27 14 1 1
24 14 1 0
8 0 43 8
11 0 43 9
35 9 0 1
27 5 0 15
13 8 43 0
41 15 10 4
24 0 0 14
7 13 43 6
1 11 37 9
6 15 41 0
5 4 43 4
37 5 2 13
29 13 0 0
12 1 43 7
18 0 41 14
3 5 31 15
43 13 4 1
9 9 42 15
41 8 8 13
31 6 3 15
