40 7
.......
.......
..@@...
.......
..@@...
.......
..@@...
.......
..@@...
.......
..@@...
.......
..@@...
.......
..@@...
.......
..@@...
.......
..@@...
.......
..@@...
.......
..@@...
.......
..@@...
.......
..@@...
.......
..@@...
.......
..@@...
.......
..@@...
.......
..@@...
.......
..@@...
.......
.......
.......
29
9 0 15 3
12 5 21 5
27 2 0 1
5 3 35 3
30 0 39 0
24 4 33 6
11 4 23 5
16 4 12 0
16 1 25 3
38 3 21 6
31 0 11 1
15 6 30 0
25 4 5 5
2 0 32 6
1 4 9 2
20 4 39 3
25 6 30 1
39 3 13 1
25 0 5 2
19 2 37 3
3 4 6 0
22 1 20 5
33 3 4 1
25 5 32 1
18 1 8 5
3 3 0 2
17 1 19 0
27 3 23 4
4 6 3 4
