28 31
...............................
...............................
..@@.@@.@@.@@.@@.@@.@@.@@.@@...
...............................
..@@.@@.@@.@@.@@.@@.@@.@@.@@...
...............................
..@@.@@.@@.@@.@@.@@.@@.@@.@@...
...............................
..@@.@@.@@.@@.@@.@@.@@.@@.@@...
...............................
..@@.@@.@@.@@.@@.@@.@@.@@.@@...
...............................
..@@.@@.@@.@@.@@.@@.@@.@@.@@...
...............................
..@@.@@.@@.@@.@@.@@.@@.@@.@@...
...............................
..@@.@@.@@.@@.@@.@@.@@.@@.@@...
...............................
..@@.@@.@@.@@.@@.@@.@@.@@.@@...
...............................
..@@.@@.@@.@@.@@.@@.@@.@@.@@...
...............................
..@@.@@.@@.@@.@@.@@.@@.@@.@@...
...............................
..@@.@@.@@.@@.@@.@@.@@.@@.@@...
...............................
...............................
...............................
26
7 13 9 0
17 1 5 22
25 17 17 25
23 15 10 29
25 1 21 23
15 11 13 16
12 13 3 6
11 27 12 30
23 17 17 8
7 6 17 13
27 26 11 10
11 0 20 1
5 4 23 25
25 10 27 7
11 14 1 2
23 26 15 18
11 6 9 22
3 27 0 15
13 9 21 13
18 4 14 13
13 17 1 0
23 16 5 24
8 13 9 28
19 11 8 10
13 29 17 12
1 4 19 23
