12 28
............................
............................
..@@.@@.@@.@@.@@.@@.@@.@@...
............................
..@@.@@.@@.@@.@@.@@.@@.@@...
............................
..@@.@@.@@.@@.@@.@@.@@.@@...
............................
..@@.@@.@@.@@.@@.@@.@@.@@...
............................
............................
............................
26
0 13 0 22
2 0 3 2
6 7 6 0
8 19 9 5
8 27 11 21
1 5 9 10
11 26 9 21
3 15 11 22
11 15 6 13
3 1 8 26
1 8 10 2
0 24 4 0
4 13 0 7
9 7 0 20
3 10 7 27
1 9 5 5
3 25 9 17
10 10 11 7
4 16 7 6
11 9 11 14
9 17 6 10
11 16 0 3
5 16 0 24
2 10 4 19
1 10 1 20
9 14 5 10
