28 22
......................
......................
..@@.@@.@@.@@.@@.@@...
......................
..@@.@@.@@.@@.@@.@@...
......................
..@@.@@.@@.@@.@@.@@...
......................
..@@.@@.@@.@@.@@.@@...
......................
..@@.@@.@@.@@.@@.@@...
......................
..@@.@@.@@.@@.@@.@@...
......................
..@@.@@.@@.@@.@@.@@...
......................
..@@.@@.@@.@@.@@.@@...
......................
..@@.@@.@@.@@.@@.@@...
......................
..@@.@@.@@.@@.@@.@@...
......................
..@@.@@.@@.@@.@@.@@...
......................
..@@.@@.@@.@@.@@.@@...
......................
......................
......................
21
5 3 13 3
3 10 21 5
19 14 7 19
26 11 18 20
17 0 9 17
22 1 20 13
9 9 10 7
0 21 2 20
23 9 14 0
19 5 25 6
20 21 11 15
26 7 12 4
6 4 23 18
5 7 22 0
25 3 6 0
18 7 20 16
1 5 18 10
19 7 14 16
21 16 17 10
2 1 16 10
7 11 23 10
