54 16
................
................
..@@.@@.@@.@@...
................
..@@.@@.@@.@@...
................
..@@.@@.@@.@@...
................
..@@.@@.@@.@@...
................
..@@.@@.@@.@@...
................
..@@.@@.@@.@@...
................
..@@.@@.@@.@@...
................
..@@.@@.@@.@@...
................
..@@.@@.@@.@@...
................
..@@.@@.@@.@@...
................
..@@.@@.@@.@@...
................
..@@.@@.@@.@@...
................
..@@.@@.@@.@@...
................
..@@.@@.@@.@@...
................
..@@.@@.@@.@@...
................
..@@.@@.@@.@@...
................
..@@.@@.@@.@@...
................
..@@.@@.@@.@@...
................
..@@.@@.@@.@@...
................
..@@.@@.@@.@@...
................
..@@.@@.@@.@@...
................
..@@.@@.@@.@@...
................
..@@.@@.@@.@@...
................
..@@.@@.@@.@@...
................
..@@.@@.@@.@@...
................
................
................
32
52 2 7 11
7 2 39 8
53 15 14 13
18 1 40 15
16 7 47 10
19 10 46 4
4 14 31 6
43 14 4 15
13 11 47 1
24 0 0 12
37 0 12 15
41 12 5 4
37 14 13 3
43 5 5 2
17 15 45 2
19 13 41 0
44 1 7 9
0 0 46 1
0 10 42 4
13 5 49 9
21 5 53 0
23 12 1 1
9 0 44 4
0 2 36 15
20 15 53 12
25 8 0 0
22 13 51 9
47 6 5 6
0 5 47 14
4 1 43 0
4 0 43 11
51 2 10 7
