6 175
...............................................................................................................................................................................
...............................................................................................................................................................................
..@@.@@.@@.@@.@@.@@.@@.@@.@@.@@.@@.@@.@@.@@.@@.@@.@@.@@.@@.@@.@@.@@.@@.@@.@@.@@.@@.@@.@@.@@.@@.@@.@@.@@.@@.@@.@@.@@.@@.@@.@@.@@.@@.@@.@@.@@.@@.@@.@@.@@.@@.@@.@@.@@.@@.@@.@@...
...............................................................................................................................................................................
...............................................................................................................................................................................
...............................................................................................................................................................................
5
1 103 3 107
3 155 1 140
0 156 4 26
5 7 2 173
0 42 3 114
