36 64
................................................................
................................................................
..@@.@@.@@.@@.@@.@@.@@.@@.@@.@@.@@.@@.@@.@@.@@.@@.@@.@@.@@.@@...
................................................................
..@@.@@.@@.@@.@@.@@.@@.@@.@@.@@.@@.@@.@@.@@.@@.@@.@@.@@.@@.@@...
................................................................
..@@.@@.@@.@@.@@.@@.@@.@@.@@.@@.@@.@@.@@.@@.@@.@@.@@.@@.@@.@@...
................................................................
..@@.@@.@@.@@.@@.@@.@@.@@.@@.@@.@@.@@.@@.@@.@@.@@.@@.@@.@@.@@...
................................................................
..@@.@@.@@.@@.@@.@@.@@.@@.@@.@@.@@.@@.@@.@@.@@.@@.@@.@@.@@.@@...
................................................................
..@@.@@.@@.@@.@@.@@.@@.@@.@@.@@.@@.@@.@@.@@.@@.@@.@@.@@.@@.@@...
................................................................
..@@.@@.@@.@@.@@.@@.@@.@@.@@.@@.@@.@@.@@.@@.@@.@@.@@.@@.@@.@@...
................................................................
..@@.@@.@@.@@.@@.@@.@@.@@.@@.@@.@@.@@.@@.@@.@@.@@.@@.@@.@@.@@...
................................................................
..@@.@@.@@.@@.@@.@@.@@.@@.@@.@@.@@.@@.@@.@@.@@.@@.@@.@@.@@.@@...
................................................................
..@@.@@.@@.@@.@@.@@.@@.@@.@@.@@.@@.@@.@@.@@.@@.@@.@@.@@.@@.@@...
................................................................
..@@.@@.@@.@@.@@.@@.@@.@@.@@.@@.@@.@@.@@.@@.@@.@@.@@.@@.@@.@@...
................................................................
..@@.@@.@@.@@.@@.@@.@@.@@.@@.@@.@@.@@.@@.@@.@@.@@.@@.@@.@@.@@...
................................................................
..@@.@@.@@.@@.@@.@@.@@.@@.@@.@@.@@.@@.@@.@@.@@.@@.@@.@@.@@.@@...
................................................................
..@@.@@.@@.@@.@@.@@.@@.@@.@@.@@.@@.@@.@@.@@.@@.@@.@@.@@.@@.@@...
................................................................
..@@.@@.@@.@@.@@.@@.@@.@@.@@.@@.@@.@@.@@.@@.@@.@@.@@.@@.@@.@@...
................................................................
..@@.@@.@@.@@.@@.@@.@@.@@.@@.@@.@@.@@.@@.@@.@@.@@.@@.@@.@@.@@...
................................................................
................................................................
................................................................
59
21 9 7 43
17 47 7 6
24 63 1 19
29 32 6 61
25 49 3 17
13 17 16 62
15 6 2 55
15 39 33 5
29 7 2 61
31 36 1 10
8 40 27 1
29 33 3 12
35 40 5 21
33 38 17 5
0 17 28 0
12 10 29 38
11 1 7 62
10 1 29 40
0 10 27 50
1 40 29 13
7 54 15 14
11 30 31 57
32 62 19 26
16 49 31 2
34 13 23 55
34 26 21 60
23 7 34 57
32 28 3 7
33 2 4 61
1 41 11 6
31 19 3 62
19 56 1 4
25 20 13 63
5 11 29 33
25 46 1 14
23 29 0 58
34 24 11 49
34 46 6 10
25 0 13 51
15 12 27 47
23 25 2 49
19 7 5 50
34 8 2 37
35 35 17 4
35 4 30 61
7 52 0 10
25 10 15 62
29 24 0 57
1 14 23 56
12 22 29 61
33 43 1 15
34 30 13 57
31 23 8 61
23 61 13 23
23 13 1 36
35 31 21 0
19 53 29 9
0 15 11 52
9 44 34 22
