28 31
...............................
...............................
..@@.@@.@@.@@.@@.@@.@@.@@.@@...
...............................
..@@.@@.@@.@@.@@.@@.@@.@@.@@...
...............................
..@@.@@.@@.@@.@@.@@.@@.@@.@@...
...............................
..@@.@@.@@.@@.@@.@@.@@.@@.@@...
...............................
..@@.@@.@@.@@.@@.@@.@@.@@.@@...
...............................
..@@.@@.@@.@@.@@.@@.@@.@@.@@...
...............................
..@@.@@.@@.@@.@@.@@.@@.@@.@@...
...............................
..@@.@@.@@.@@.@@.@@.@@.@@.@@...
...............................
..@@.@@.@@.@@.@@.@@.@@.@@.@@...
...............................
..@@.@@.@@.@@.@@.@@.@@.@@.@@...
...............................
..@@.@@.@@.@@.@@.@@.@@.@@.@@...
...............................
..@@.@@.@@.@@.@@.@@.@@.@@.@@...
...............................
...............................
...............................
26
11 20 6 10
4 10 17 28
0 28 1 24
1 11 13 19
21 29 15 21
23 8 8 25
9 8 1 10
21 20 7 11
23 0 19 17
7 25 1 8
13 15 11 24
5 19 5 13
3 30 0 26
7 5 11 8
26 12 23 26
7 18 3 30
15 27 1 18
0 13 26 6
0 19 13 29
26 8 9 18
19 2 5 30
18 1 19 16
17 10 22 16
21 22 3 22
25 15 15 24
25 13 21 9
