22 43
...........................................
...........................................
..@@.@@.@@.@@.@@.@@.@@.@@.@@.@@.@@.@@.@@...
...........................................
..@@.@@.@@.@@.@@.@@.@@.@@.@@.@@.@@.@@.@@...
...........................................
..@@.@@.@@.@@.@@.@@.@@.@@.@@.@@.@@.@@.@@...
...........................................
..@@.@@.@@.@@.@@.@@.@@.@@.@@.@@.@@.@@.@@...
...........................................
..@@.@@.@@.@@.@@.@@.@@.@@.@@.@@.@@.@@.@@...
...........................................
..@@.@@.@@.@@.@@.@@.@@.@@.@@.@@.@@.@@.@@...
...........................................
..@@.@@.@@.@@.@@.@@.@@.@@.@@.@@.@@.@@.@@...
...........................................
..@@.@@.@@.@@.@@.@@.@@.@@.@@.@@.@@.@@.@@...
...........................................
..@@.@@.@@.@@.@@.@@.@@.@@.@@.@@.@@.@@.@@...
...........................................
...........................................
...........................................
34
9 7 15 15
15 39 1 2
20 1 5 33
8 16 15 14
19 42 9 11
3 18 0 28
0 30 19 7
1 40 11 26
1 3 3 5
11 26 6 25
17 10 1 10
20 27 8 7
7 12 20 26
17 0 17 41
3 21 0 21
12 37 10 41
3 36 6 19
3 5 3 8
3 26 12 37
5 27 13 30
20 32 17 29
5 41 9 23
3 15 17 30
0 14 21 1
4 41 13 38
13 10 17 35
7 22 15 27
4 34 11 16
8 0 16 31
14 42 1 17
14 7 16 1
5 13 17 15
13 27 9 35
17 3 9 20
