54 16
................
................
..@@.@@.@@.@@...
................
..@@.@@.@@.@@...
................
..@@.@@.@@.@@...
................
..@@.@@.@@.@@...
................
..@@.@@.@@.@@...
................
..@@.@@.@@.@@...
................
..@@.@@.@@.@@...
................
..@@.@@.@@.@@...
................
..@@.@@.@@.@@...
................
..@@.@@.@@.@@...
................
..@@.@@.@@.@@...
................
..@@.@@.@@.@@...
................
..@@.@@.@@.@@...
................
..@@.@@.@@.@@...
................
..@@.@@.@@.@@...
................
..@@.@@.@@.@@...
................
..@@.@@.@@.@@...
................
..@@.@@.@@.@@...
................
..@@.@@.@@.@@...
................
..@@.@@.@@.@@...
................
..@@.@@.@@.@@...
................
..@@.@@.@@.@@...
................
..@@.@@.@@.@@...
................
..@@.@@.@@.@@...
................
..@@.@@.@@.@@...
................
................
................
33
52 2 0 12
1 12 53 0
1 10 53 1
0 11 52 0
6 0 51 15
52 12 0 4
53 2 0 11
45 15 0 0
0 15 51 6
0 12 53 2
52 0 5 13
0 5 53 15
3 15 49 0
2 4 53 14
51 0 6 15
0 0 48 13
51 1 2 15
50 13 0 1
51 15 0 6
0 14 47 0
52 11 3 0
2 15 53 3
46 0 1 15
52 1 3 14
51 6 0 15
52 3 1 13
1 0 46 15
53 1 4 14
1 11 52 1
3 0 51 12
52 15 7 0
53 0 3 10
53 15 3 5
