22 31
...............................
...............................
..@@.@@.@@.@@.@@.@@.@@.@@.@@...
...............................
..@@.@@.@@.@@.@@.@@.@@.@@.@@...
...............................
..@@.@@.@@.@@.@@.@@.@@.@@.@@...
...............................
..@@.@@.@@.@@.@@.@@.@@.@@.@@...
...............................
..@@.@@.@@.@@.@@.@@.@@.@@.@@...
...............................
..@@.@@.@@.@@.@@.@@.@@.@@.@@...
...............................
..@@.@@.@@.@@.@@.@@.@@.@@.@@...
...............................
..@@.@@.@@.@@.@@.@@.@@.@@.@@...
...............................
..@@.@@.@@.@@.@@.@@.@@.@@.@@...
...............................
...............................
...............................
28
21 21 5 13
3 19 17 5
13 8 11 24
0 13 13 8
15 19 21 5
13 10 3 3
20 13 17 25
6 16 16 10
0 15 19 23
21 18 12 28
21 24 9 21
5 19 1 0
11 26 13 2
3 21 11 2
19 5 0 1
12 19 18 7
3 6 17 7
13 11 4 0
17 19 7 24
18 13 5 4
9 1 8 16
10 1 19 25
17 26 1 16
7 18 21 24
20 19 7 14
17 9 6 25
8 16 17 30
15 12 4 22
