24 43
...........................................
...........................................
..@@.@@.@@.@@.@@.@@.@@.@@.@@.@@.@@.@@.@@...
...........................................
..@@.@@.@@.@@.@@.@@.@@.@@.@@.@@.@@.@@.@@...
...........................................
..@@.@@.@@.@@.@@.@@.@@.@@.@@.@@.@@.@@.@@...
...........................................
..@@.@@.@@.@@.@@.@@.@@.@@.@@.@@.@@.@@.@@...
...........................................
..@@.@@.@@.@@.@@.@@.@@.@@.@@.@@.@@.@@.@@...
...........................................
..@@.@@.@@.@@.@@.@@.@@.@@.@@.@@.@@.@@.@@...
...........................................
..@@.@@.@@.@@.@@.@@.@@.@@.@@.@@.@@.@@.@@...
...........................................
..@@.@@.@@.@@.@@.@@.@@.@@.@@.@@.@@.@@.@@...
...........................................
..@@.@@.@@.@@.@@.@@.@@.@@.@@.@@.@@.@@.@@...
...........................................
..@@.@@.@@.@@.@@.@@.@@.@@.@@.@@.@@.@@.@@...
...........................................
...........................................
...........................................
52
16 40 0 1
3 14 23 42
1 0 23 25
23 2 15 40
22 39 11 2
0 32 23 5
23 4 9 37
23 1 3 27
5 37 19 0
15 0 1 33
20 42 0 12
15 35 0 4
1 8 18 42
5 36 16 0
8 1 19 39
23 40 2 10
23 0 11 35
13 40 0 7
0 1 21 29
5 0 20 37
0 7 21 32
21 2 5 33
19 8 4 40
21 34 0 3
0 0 21 25
19 6 4 37
18 31 3 0
20 41 5 7
22 40 6 1
9 35 21 0
7 37 21 3
19 5 1 36
17 10 1 40
1 12 23 38
15 7 1 42
0 11 20 42
17 9 0 38
2 0 8 40
7 6 19 41
22 41 11 4
19 27 0 0
21 1 1 28
21 0 2 37
16 1 1 37
7 2 0 41
23 34 5 6
3 40 15 1
23 39 1 14
20 16 0 42
20 13 0 40
22 42 0 2
1 40 16 7
