32 10
..........
..........
..@@.@@...
..........
..@@.@@...
..........
..@@.@@...
..........
..@@.@@...
..........
..@@.@@...
..........
..@@.@@...
..........
..@@.@@...
..........
..@@.@@...
..........
..@@.@@...
..........
..@@.@@...
..........
..@@.@@...
..........
..@@.@@...
..........
..@@.@@...
..........
..@@.@@...
..........
..........
..........
20
9 6 27 8
30 0 6 9
25 5 10 1
30 4 6 0
0 1 22 9
26 4 11 8
29 1 13 4
9 5 25 9
6 9 28 0
17 4 1 7
6 0 31 6
5 5 29 6
9 0 21 9
30 7 3 3
29 3 2 4
25 2 7 7
23 4 0 0
0 2 15 8
3 1 21 6
10 8 28 9
