30 13
.............
.............
..@@.@@.@@...
.............
..@@.@@.@@...
.............
..@@.@@.@@...
.............
..@@.@@.@@...
.............
..@@.@@.@@...
.............
..@@.@@.@@...
.............
..@@.@@.@@...
.............
..@@.@@.@@...
.............
..@@.@@.@@...
.............
..@@.@@.@@...
.............
..@@.@@.@@...
.............
..@@.@@.@@...
.............
..@@.@@.@@...
.............
.............
.............
18
1 2 11 0
5 12 21 9
17 10 1 0
23 10 11 7
5 1 23 1
15 8 11 11
21 10 3 4
21 9 9 10
3 0 25 11
1 12 10 1
11 10 29 10
28 5 11 1
6 1 8 12
24 1 28 12
28 12 0 6
13 12 7 8
5 11 3 3
3 5 11 2
