24 43
...........................................
...........................................
..@@.@@.@@.@@.@@.@@.@@.@@.@@.@@.@@.@@.@@...
...........................................
..@@.@@.@@.@@.@@.@@.@@.@@.@@.@@.@@.@@.@@...
...........................................
..@@.@@.@@.@@.@@.@@.@@.@@.@@.@@.@@.@@.@@...
...........................................
..@@.@@.@@.@@.@@.@@.@@.@@.@@.@@.@@.@@.@@...
...........................................
..@@.@@.@@.@@.@@.@@.@@.@@.@@.@@.@@.@@.@@...
...........................................
..@@.@@.@@.@@.@@.@@.@@.@@.@@.@@.@@.@@.@@...
...........................................
..@@.@@.@@.@@.@@.@@.@@.@@.@@.@@.@@.@@.@@...
...........................................
..@@.@@.@@.@@.@@.@@.@@.@@.@@.@@.@@.@@.@@...
...........................................
..@@.@@.@@.@@.@@.@@.@@.@@.@@.@@.@@.@@.@@...
...........................................
..@@.@@.@@.@@.@@.@@.@@.@@.@@.@@.@@.@@.@@...
...........................................
...........................................
...........................................
52
22 26 0 0
6 13 23 42
23 0 9 35
23 1 3 27
1 34 20 0
23 42 7 12
19 38 6 4
1 10 17 42
17 10 0 40
17 35 1 3
13 40 22 3
19 7 3 39
5 10 23 39
9 5 23 37
7 9 22 41
9 37 22 1
20 13 0 39
3 26 23 0
5 9 23 40
18 0 5 35
3 38 19 3
15 38 6 0
22 42 0 17
23 27 2 0
20 1 9 38
5 8 18 41
9 4 20 40
22 34 1 5
4 4 19 36
6 0 20 41
23 35 9 0
17 11 1 42
19 5 3 40
23 11 0 36
2 41 23 5
9 1 22 42
17 42 5 1
1 36 13 2
1 14 21 42
21 30 4 0
2 1 22 39
23 6 9 42
19 12 2 42
18 1 4 37
0 0 22 24
23 3 0 27
19 41 3 0
9 36 19 0
1 9 16 42
19 4 6 41
19 15 0 42
21 13 0 38
