32 10
..........
..........
..@@.@@...
..........
..@@.@@...
..........
..@@.@@...
..........
..@@.@@...
..........
..@@.@@...
..........
..@@.@@...
..........
..@@.@@...
..........
..@@.@@...
..........
..@@.@@...
..........
..@@.@@...
..........
..@@.@@...
..........
..@@.@@...
..........
..@@.@@...
..........
..@@.@@...
..........
..........
..........
20
23 4 30 3
5 6 28 9
19 8 22 8
13 6 14 4
28 0 30 7
27 5 22 7
8 4 2 0
18 7 1 0
6 9 19 2
28 4 13 0
21 0 13 2
13 3 23 7
26 4 13 3
7 5 1 1
29 8 19 8
23 3 15 7
10 4 7 5
1 3 30 4
19 6 1 3
24 0 21 6
