22 16
................
................
..@@.@@.@@.@@...
................
..@@.@@.@@.@@...
................
..@@.@@.@@.@@...
................
..@@.@@.@@.@@...
................
..@@.@@.@@.@@...
................
..@@.@@.@@.@@...
................
..@@.@@.@@.@@...
................
..@@.@@.@@.@@...
................
..@@.@@.@@.@@...
................
................
................
27
19 3 3 5
7 13 5 12
20 6 20 0
11 4 9 4
5 0 18 13
17 8 12 0
6 4 10 13
16 4 3 9
3 15 3 14
18 15 10 7
16 14 15 12
3 1 2 7
15 1 19 4
15 2 11 9
20 7 9 12
11 5 20 10
11 14 17 14
17 2 20 12
1 15 13 7
11 13 12 1
12 13 10 4
5 8 17 11
10 4 19 3
13 14 20 11
7 9 18 10
20 4 4 0
9 9 13 15
