38 19
...................
...................
..@@.@@.@@.@@.@@...
...................
..@@.@@.@@.@@.@@...
...................
..@@.@@.@@.@@.@@...
...................
..@@.@@.@@.@@.@@...
...................
..@@.@@.@@.@@.@@...
...................
..@@.@@.@@.@@.@@...
...................
..@@.@@.@@.@@.@@...
...................
..@@.@@.@@.@@.@@...
...................
..@@.@@.@@.@@.@@...
...................
..@@.@@.@@.@@.@@...
...................
..@@.@@.@@.@@.@@...
...................
..@@.@@.@@.@@.@@...
...................
..@@.@@.@@.@@.@@...
...................
..@@.@@.@@.@@.@@...
...................
..@@.@@.@@.@@.@@...
...................
..@@.@@.@@.@@.@@...
...................
..@@.@@.@@.@@.@@...
...................
...................
...................
24
19 0 13 14
4 17 37 12
25 10 0 11
34 0 11 3
17 0 31 8
8 7 36 4
34 4 19 9
18 1 37 13
14 16 36 17
20 16 11 0
16 1 33 14
7 15 26 10
22 16 34 7
11 2 35 7
26 17 2 17
36 7 9 2
36 14 6 10
1 5 21 16
17 9 37 11
21 12 3 18
32 4 6 0
2 1 21 0
36 8 22 1
17 14 0 10
