24 19
...................
...................
..@@.@@.@@.@@.@@...
...................
..@@.@@.@@.@@.@@...
...................
..@@.@@.@@.@@.@@...
...................
..@@.@@.@@.@@.@@...
...................
..@@.@@.@@.@@.@@...
...................
..@@.@@.@@.@@.@@...
...................
..@@.@@.@@.@@.@@...
...................
..@@.@@.@@.@@.@@...
...................
..@@.@@.@@.@@.@@...
...................
..@@.@@.@@.@@.@@...
...................
...................
...................
26
17 12 2 13
18 13 7 2
5 3 19 11
5 13 11 0
17 8 18 7
0 1 10 17
15 11 1 0
13 6 2 17
16 7 19 6
6 0 21 2
0 14 12 17
9 17 7 10
0 9 16 18
10 4 0 5
23 11 16 1
12 4 0 15
12 17 18 18
17 5 11 12
21 12 22 17
21 16 21 10
2 17 7 0
13 2 21 12
13 3 0 13
21 18 12 4
0 10 7 15
7 7 17 0
