20 118
......................................................................................................................
......................................................................................................................
..@@.@@.@@.@@.@@.@@.@@.@@.@@.@@.@@.@@.@@.@@.@@.@@.@@.@@.@@.@@.@@.@@.@@.@@.@@.@@.@@.@@.@@.@@.@@.@@.@@.@@.@@.@@.@@.@@...
......................................................................................................................
..@@.@@.@@.@@.@@.@@.@@.@@.@@.@@.@@.@@.@@.@@.@@.@@.@@.@@.@@.@@.@@.@@.@@.@@.@@.@@.@@.@@.@@.@@.@@.@@.@@.@@.@@.@@.@@.@@...
......................................................................................................................
..@@.@@.@@.@@.@@.@@.@@.@@.@@.@@.@@.@@.@@.@@.@@.@@.@@.@@.@@.@@.@@.@@.@@.@@.@@.@@.@@.@@.@@.@@.@@.@@.@@.@@.@@.@@.@@.@@...
......................................................................................................................
..@@.@@.@@.@@.@@.@@.@@.@@.@@.@@.@@.@@.@@.@@.@@.@@.@@.@@.@@.@@.@@.@@.@@.@@.@@.@@.@@.@@.@@.@@.@@.@@.@@.@@.@@.@@.@@.@@...
......................................................................................................................
..@@.@@.@@.@@.@@.@@.@@.@@.@@.@@.@@.@@.@@.@@.@@.@@.@@.@@.@@.@@.@@.@@.@@.@@.@@.@@.@@.@@.@@.@@.@@.@@.@@.@@.@@.@@.@@.@@...
......................................................................................................................
..@@.@@.@@.@@.@@.@@.@@.@@.@@.@@.@@.@@.@@.@@.@@.@@.@@.@@.@@.@@.@@.@@.@@.@@.@@.@@.@@.@@.@@.@@.@@.@@.@@.@@.@@.@@.@@.@@...
......................................................................................................................
..@@.@@.@@.@@.@@.@@.@@.@@.@@.@@.@@.@@.@@.@@.@@.@@.@@.@@.@@.@@.@@.@@.@@.@@.@@.@@.@@.@@.@@.@@.@@.@@.@@.@@.@@.@@.@@.@@...
......................................................................................................................
..@@.@@.@@.@@.@@.@@.@@.@@.@@.@@.@@.@@.@@.@@.@@.@@.@@.@@.@@.@@.@@.@@.@@.@@.@@.@@.@@.@@.@@.@@.@@.@@.@@.@@.@@.@@.@@.@@...
......................................................................................................................
......................................................................................................................
......................................................................................................................
30
7 70 1 67
0 67 15 117
17 23 3 17
10 117 15 48
9 45 18 23
0 75 9 44
13 45 4 40
7 78 11 10
6 22 1 6
11 52 5 81
9 78 18 101
10 85 0 27
5 5 8 22
1 111 15 105
7 62 15 30
18 97 7 18
6 13 17 114
14 43 8 106
13 48 5 105
11 30 12 100
18 111 18 12
13 38 14 61
15 34 15 55
0 61 12 49
4 16 15 50
18 45 11 7
6 52 1 108
5 30 2 52
10 73 3 111
12 82 13 5
