30 31
...............................
...............................
..@@.@@.@@.@@.@@.@@.@@.@@.@@...
...............................
..@@.@@.@@.@@.@@.@@.@@.@@.@@...
...............................
..@@.@@.@@.@@.@@.@@.@@.@@.@@...
...............................
..@@.@@.@@.@@.@@.@@.@@.@@.@@...
...............................
..@@.@@.@@.@@.@@.@@.@@.@@.@@...
...............................
..@@.@@.@@.@@.@@.@@.@@.@@.@@...
...............................
..@@.@@.@@.@@.@@.@@.@@.@@.@@...
...............................
..@@.@@.@@.@@.@@.@@.@@.@@.@@...
...............................
..@@.@@.@@.@@.@@.@@.@@.@@.@@...
...............................
..@@.@@.@@.@@.@@.@@.@@.@@.@@...
...............................
..@@.@@.@@.@@.@@.@@.@@.@@.@@...
...............................
..@@.@@.@@.@@.@@.@@.@@.@@.@@...
...............................
..@@.@@.@@.@@.@@.@@.@@.@@.@@...
...............................
...............................
...............................
26
29 17 7 12
11 19 22 25
21 0 9 9
11 2 24 16
4 29 7 15
0 17 6 13
21 9 11 0
27 26 23 13
29 14 16 1
29 22 2 0
5 0 16 30
3 15 7 22
16 28 28 26
26 4 4 7
17 7 26 29
18 7 17 19
24 0 28 14
25 4 13 7
17 25 9 13
7 20 1 12
13 22 27 1
24 10 3 21
16 16 17 8
8 28 3 11
28 4 11 1
23 18 29 22
