30 13
.............
.............
..@@.@@.@@...
.............
..@@.@@.@@...
.............
..@@.@@.@@...
.............
..@@.@@.@@...
.............
..@@.@@.@@...
.............
..@@.@@.@@...
.............
..@@.@@.@@...
.............
..@@.@@.@@...
.............
..@@.@@.@@...
.............
..@@.@@.@@...
.............
..@@.@@.@@...
.............
..@@.@@.@@...
.............
..@@.@@.@@...
.............
.............
.............
18
22 0 15 2
23 4 12 10
13 6 29 6
2 12 15 3
23 6 21 7
13 5 5 10
7 1 3 5
26 0 9 5
20 7 26 12
27 0 0 11
7 12 21 10
27 4 0 1
3 8 19 6
13 1 17 8
27 6 7 7
0 8 0 12
10 12 0 9
9 3 3 12
