54 16
................
................
..@@.@@.@@.@@...
................
..@@.@@.@@.@@...
................
..@@.@@.@@.@@...
................
..@@.@@.@@.@@...
................
..@@.@@.@@.@@...
................
..@@.@@.@@.@@...
................
..@@.@@.@@.@@...
................
..@@.@@.@@.@@...
................
..@@.@@.@@.@@...
................
..@@.@@.@@.@@...
................
..@@.@@.@@.@@...
................
..@@.@@.@@.@@...
................
..@@.@@.@@.@@...
................
..@@.@@.@@.@@...
................
..@@.@@.@@.@@...
................
..@@.@@.@@.@@...
................
..@@.@@.@@.@@...
................
..@@.@@.@@.@@...
................
..@@.@@.@@.@@...
................
..@@.@@.@@.@@...
................
..@@.@@.@@.@@...
................
..@@.@@.@@.@@...
................
..@@.@@.@@.@@...
................
..@@.@@.@@.@@...
................
..@@.@@.@@.@@...
................
................
................
32
17 15 51 1
3 8 38 4
17 6 51 12
45 14 19 4
53 9 8 14
39 4 2 1
19 13 53 6
8 15 50 13
19 1 45 11
9 12 45 3
47 3 5 6
19 2 53 1
25 9 53 0
49 15 10 1
23 14 51 2
51 13 21 9
17 11 47 6
11 13 44 0
26 14 53 5
15 15 40 1
17 12 51 3
13 11 46 7
29 15 51 0
27 1 51 15
22 7 52 13
14 15 53 4
4 1 43 11
7 9 53 14
35 0 13 13
10 15 37 7
22 10 53 7
36 13 6 0
