30 13
.............
.............
..@@.@@.@@...
.............
..@@.@@.@@...
.............
..@@.@@.@@...
.............
..@@.@@.@@...
.............
..@@.@@.@@...
.............
..@@.@@.@@...
.............
..@@.@@.@@...
.............
..@@.@@.@@...
.............
..@@.@@.@@...
.............
..@@.@@.@@...
.............
..@@.@@.@@...
.............
..@@.@@.@@...
.............
..@@.@@.@@...
.............
.............
.............
18
6 0 24 12
21 9 28 3
27 4 8 1
11 5 17 0
27 3 0 5
0 12 6 10
1 6 21 12
15 11 5 10
23 6 18 0
20 12 11 1
28 1 9 12
4 7 23 2
10 11 4 10
19 4 8 4
7 3 17 7
18 7 5 3
23 3 4 11
11 2 7 8
