38 22
......................
......................
..@@.@@.@@.@@.@@.@@...
......................
..@@.@@.@@.@@.@@.@@...
......................
..@@.@@.@@.@@.@@.@@...
......................
..@@.@@.@@.@@.@@.@@...
......................
..@@.@@.@@.@@.@@.@@...
......................
..@@.@@.@@.@@.@@.@@...
......................
..@@.@@.@@.@@.@@.@@...
......................
..@@.@@.@@.@@.@@.@@...
......................
..@@.@@.@@.@@.@@.@@...
......................
..@@.@@.@@.@@.@@.@@...
......................
..@@.@@.@@.@@.@@.@@...
......................
..@@.@@.@@.@@.@@.@@...
......................
..@@.@@.@@.@@.@@.@@...
......................
..@@.@@.@@.@@.@@.@@...
......................
..@@.@@.@@.@@.@@.@@...
......................
..@@.@@.@@.@@.@@.@@...
......................
..@@.@@.@@.@@.@@.@@...
......................
......................
......................
22
15 2 18 7
11 1 0 3
15 17 33 16
15 8 37 3
21 5 13 15
36 11 11 10
29 9 5 12
1 19 31 7
1 11 25 1
19 13 37 11
24 13 19 7
31 16 32 16
37 12 5 2
23 18 35 13
5 18 21 3
17 5 3 6
3 5 27 20
16 7 4 1
26 0 25 2
5 5 0 7
19 11 3 10
23 9 19 9
