44 16
................
................
..@@.@@.@@.@@...
................
..@@.@@.@@.@@...
................
..@@.@@.@@.@@...
................
..@@.@@.@@.@@...
................
..@@.@@.@@.@@...
................
..@@.@@.@@.@@...
................
..@@.@@.@@.@@...
................
..@@.@@.@@.@@...
................
..@@.@@.@@.@@...
................
..@@.@@.@@.@@...
................
..@@.@@.@@.@@...
................
..@@.@@.@@.@@...
................
..@@.@@.@@.@@...
................
..@@.@@.@@.@@...
................
..@@.@@.@@.@@...
................
..@@.@@.@@.@@...
................
..@@.@@.@@.@@...
................
..@@.@@.@@.@@...
................
..@@.@@.@@.@@...
................
..@@.@@.@@.@@...
................
................
................
29
22 0 0 15
12 13 37 0
15 15 38 0
10 14 42 2
33 6 5 15
4 10 43 3
43 0 3 7
35 13 0 2
39 14 16 0
0 11 31 4
33 14 9 1
9 0 42 11
5 8 43 8
43 8 7 10
22 15 0 0
0 15 41 0
43 9 3 6
42 10 9 0
43 7 3 5
43 1 17 15
9 11 39 2
43 2 5 0
1 8 37 15
10 0 39 13
37 9 0 8
42 2 14 15
27 14 1 1
39 10 5 1
9 12 40 0
