28 16
................
................
..@@.@@.@@.@@...
................
..@@.@@.@@.@@...
................
..@@.@@.@@.@@...
................
..@@.@@.@@.@@...
................
..@@.@@.@@.@@...
................
..@@.@@.@@.@@...
................
..@@.@@.@@.@@...
................
..@@.@@.@@.@@...
................
..@@.@@.@@.@@...
................
..@@.@@.@@.@@...
................
..@@.@@.@@.@@...
................
..@@.@@.@@.@@...
................
................
................
26
11 15 8 13
26 9 13 2
7 10 17 0
3 14 20 7
9 9 14 13
11 5 1 10
2 0 2 4
24 10 17 1
24 1 4 14
5 13 9 11
24 4 26 11
6 13 9 5
1 12 13 10
16 0 2 10
13 13 21 1
13 14 23 2
5 12 6 14
1 3 15 12
27 7 7 2
26 10 25 13
7 7 26 6
5 14 14 15
9 5 23 4
9 8 24 13
25 7 15 0
7 14 25 11
