28 16
................
................
..@@.@@.@@.@@...
................
..@@.@@.@@.@@...
................
..@@.@@.@@.@@...
................
..@@.@@.@@.@@...
................
..@@.@@.@@.@@...
................
..@@.@@.@@.@@...
................
..@@.@@.@@.@@...
................
..@@.@@.@@.@@...
................
..@@.@@.@@.@@...
................
..@@.@@.@@.@@...
................
..@@.@@.@@.@@...
................
..@@.@@.@@.@@...
................
................
................
26
1 2 3 2
3 3 10 15
5 9 4 0
14 10 7 2
20 4 14 1
20 14 21 7
2 13 27 7
10 4 21 14
27 13 27 8
26 15 15 2
7 1 20 13
11 0 9 2
3 0 23 8
10 7 0 10
10 13 1 11
21 9 18 10
11 1 22 7
7 14 26 4
16 14 11 9
2 1 1 13
26 7 9 6
5 11 26 13
22 7 14 13
27 0 0 4
13 0 2 1
5 8 19 3
