22 22
......................
......................
..@@.@@.@@.@@.@@.@@...
......................
..@@.@@.@@.@@.@@.@@...
......................
..@@.@@.@@.@@.@@.@@...
......................
..@@.@@.@@.@@.@@.@@...
......................
..@@.@@.@@.@@.@@.@@...
......................
..@@.@@.@@.@@.@@.@@...
......................
..@@.@@.@@.@@.@@.@@...
......................
..@@.@@.@@.@@.@@.@@...
......................
..@@.@@.@@.@@.@@.@@...
......................
......................
......................
23
7 6 18 4
12 4 3 21
1 14 13 21
3 2 19 5
21 20 20 7
18 21 6 20
4 10 21 2
9 4 10 21
9 3 14 21
20 16 11 0
15 0 5 11
7 17 20 16
7 16 18 7
7 1 13 14
0 21 5 10
20 17 8 1
17 17 15 0
0 4 15 15
6 1 21 18
9 2 15 21
7 12 21 4
20 14 3 14
9 0 7 17
