14 37
.....................................
.....................................
..@@.@@.@@.@@.@@.@@.@@.@@.@@.@@.@@...
.....................................
..@@.@@.@@.@@.@@.@@.@@.@@.@@.@@.@@...
.....................................
..@@.@@.@@.@@.@@.@@.@@.@@.@@.@@.@@...
.....................................
..@@.@@.@@.@@.@@.@@.@@.@@.@@.@@.@@...
.....................................
..@@.@@.@@.@@.@@.@@.@@.@@.@@.@@.@@...
.....................................
.....................................
.....................................
27
5 30 7 35
12 27 8 35
5 12 0 32
12 26 10 7
0 16 11 1
1 8 9 5
0 25 7 31
7 14 6 1
10 36 0 24
11 23 3 25
11 18 9 27
13 4 0 7
3 33 5 33
2 16 0 15
1 36 12 7
2 10 5 23
3 21 7 14
13 7 11 34
3 29 1 36
4 7 0 29
5 3 3 6
9 19 2 36
9 0 9 28
3 14 5 7
10 31 11 10
5 8 1 31
10 4 7 32
