28 31
...............................
...............................
..@@.@@.@@.@@.@@.@@.@@.@@.@@...
...............................
..@@.@@.@@.@@.@@.@@.@@.@@.@@...
...............................
..@@.@@.@@.@@.@@.@@.@@.@@.@@...
...............................
..@@.@@.@@.@@.@@.@@.@@.@@.@@...
...............................
..@@.@@.@@.@@.@@.@@.@@.@@.@@...
...............................
..@@.@@.@@.@@.@@.@@.@@.@@.@@...
...............................
..@@.@@.@@.@@.@@.@@.@@.@@.@@...
...............................
..@@.@@.@@.@@.@@.@@.@@.@@.@@...
...............................
..@@.@@.@@.@@.@@.@@.@@.@@.@@...
...............................
..@@.@@.@@.@@.@@.@@.@@.@@.@@...
...............................
..@@.@@.@@.@@.@@.@@.@@.@@.@@...
...............................
..@@.@@.@@.@@.@@.@@.@@.@@.@@...
...............................
...............................
...............................
26
11 4 10 25
3 27 0 3
21 0 27 11
17 8 23 24
11 19 8 13
11 10 17 27
15 20 15 11
26 28 7 27
21 21 23 2
17 29 27 20
1 12 21 1
23 12 21 0
1 3 9 8
18 4 3 23
27 20 26 7
17 17 15 17
13 16 22 22
2 13 22 30
3 23 22 19
18 0 2 30
5 29 0 8
12 1 3 3
19 8 13 10
3 14 16 16
8 29 15 8
19 4 14 10
