24 16
................
................
..@@.@@.@@.@@...
................
..@@.@@.@@.@@...
................
..@@.@@.@@.@@...
................
..@@.@@.@@.@@...
................
..@@.@@.@@.@@...
................
..@@.@@.@@.@@...
................
..@@.@@.@@.@@...
................
..@@.@@.@@.@@...
................
..@@.@@.@@.@@...
................
..@@.@@.@@.@@...
................
................
................
23
22 10 9 5
20 0 20 1
19 3 7 10
4 0 0 4
0 3 11 12
2 0 9 10
1 13 13 2
5 11 8 4
1 0 18 10
2 13 5 8
17 6 19 3
22 15 14 1
18 15 8 0
22 11 9 11
2 4 19 6
5 8 9 4
15 8 17 2
22 12 17 4
1 7 18 13
13 15 15 2
21 12 0 3
0 5 13 6
23 5 3 15
