14 34
..................................
..................................
..@@.@@.@@.@@.@@.@@.@@.@@.@@.@@...
..................................
..@@.@@.@@.@@.@@.@@.@@.@@.@@.@@...
..................................
..@@.@@.@@.@@.@@.@@.@@.@@.@@.@@...
..................................
..@@.@@.@@.@@.@@.@@.@@.@@.@@.@@...
..................................
..@@.@@.@@.@@.@@.@@.@@.@@.@@.@@...
..................................
..................................
..................................
19
5 33 5 23
3 32 6 32
9 2 0 20
11 12 12 31
7 8 13 6
13 10 7 16
3 27 11 22
3 3 12 14
1 31 11 7
8 4 7 17
12 28 12 3
5 9 6 10
3 13 1 0
13 11 12 11
3 24 12 2
5 12 2 31
2 32 12 4
4 22 0 30
12 25 8 0
