18 82
..................................................................................
..................................................................................
..@@.@@.@@.@@.@@.@@.@@.@@.@@.@@.@@.@@.@@.@@.@@.@@.@@.@@.@@.@@.@@.@@.@@.@@.@@.@@...
..................................................................................
..@@.@@.@@.@@.@@.@@.@@.@@.@@.@@.@@.@@.@@.@@.@@.@@.@@.@@.@@.@@.@@.@@.@@.@@.@@.@@...
..................................................................................
..@@.@@.@@.@@.@@.@@.@@.@@.@@.@@.@@.@@.@@.@@.@@.@@.@@.@@.@@.@@.@@.@@.@@.@@.@@.@@...
..................................................................................
..@@.@@.@@.@@.@@.@@.@@.@@.@@.@@.@@.@@.@@.@@.@@.@@.@@.@@.@@.@@.@@.@@.@@.@@.@@.@@...
..................................................................................
..@@.@@.@@.@@.@@.@@.@@.@@.@@.@@.@@.@@.@@.@@.@@.@@.@@.@@.@@.@@.@@.@@.@@.@@.@@.@@...
..................................................................................
..@@.@@.@@.@@.@@.@@.@@.@@.@@.@@.@@.@@.@@.@@.@@.@@.@@.@@.@@.@@.@@.@@.@@.@@.@@.@@...
..................................................................................
..@@.@@.@@.@@.@@.@@.@@.@@.@@.@@.@@.@@.@@.@@.@@.@@.@@.@@.@@.@@.@@.@@.@@.@@.@@.@@...
..................................................................................
..................................................................................
..................................................................................
34
10 49 5 28
2 13 11 77
16 11 11 26
3 79 15 58
3 24 6 40
5 6 5 37
15 34 5 29
9 60 7 43
14 40 9 9
5 35 13 44
7 79 15 31
16 78 9 52
5 25 7 44
15 53 14 40
14 28 8 43
5 13 8 76
13 45 13 75
5 11 14 1
0 3 11 54
9 52 6 1
14 73 2 10
11 16 10 34
15 67 0 12
3 21 15 80
11 64 15 47
13 72 0 48
0 23 1 52
17 48 6 31
15 62 11 78
1 52 0 70
4 55 13 70
8 0 17 4
1 35 16 75
9 4 0 73
