22 22
......................
......................
..@@.@@.@@.@@.@@.@@...
......................
..@@.@@.@@.@@.@@.@@...
......................
..@@.@@.@@.@@.@@.@@...
......................
..@@.@@.@@.@@.@@.@@...
......................
..@@.@@.@@.@@.@@.@@...
......................
..@@.@@.@@.@@.@@.@@...
......................
..@@.@@.@@.@@.@@.@@...
......................
..@@.@@.@@.@@.@@.@@...
......................
..@@.@@.@@.@@.@@.@@...
......................
......................
......................
23
12 21 10 0
9 17 18 4
4 21 13 15
1 16 15 12
11 1 3 21
19 15 0 7
4 0 15 10
6 4 11 16
11 19 17 7
17 15 0 16
15 4 1 1
20 15 6 10
5 3 16 20
6 13 20 18
9 16 20 14
1 2 14 13
14 19 19 2
9 19 17 11
19 7 6 7
19 5 7 21
2 0 11 17
5 15 17 5
18 4 3 12
