14 154
..........................................................................................................................................................
..........................................................................................................................................................
..@@.@@.@@.@@.@@.@@.@@.@@.@@.@@.@@.@@.@@.@@.@@.@@.@@.@@.@@.@@.@@.@@.@@.@@.@@.@@.@@.@@.@@.@@.@@.@@.@@.@@.@@.@@.@@.@@.@@.@@.@@.@@.@@.@@.@@.@@.@@.@@.@@.@@...
..........................................................................................................................................................
..@@.@@.@@.@@.@@.@@.@@.@@.@@.@@.@@.@@.@@.@@.@@.@@.@@.@@.@@.@@.@@.@@.@@.@@.@@.@@.@@.@@.@@.@@.@@.@@.@@.@@.@@.@@.@@.@@.@@.@@.@@.@@.@@.@@.@@.@@.@@.@@.@@.@@...
..........................................................................................................................................................
..@@.@@.@@.@@.@@.@@.@@.@@.@@.@@.@@.@@.@@.@@.@@.@@.@@.@@.@@.@@.@@.@@.@@.@@.@@.@@.@@.@@.@@.@@.@@.@@.@@.@@.@@.@@.@@.@@.@@.@@.@@.@@.@@.@@.@@.@@.@@.@@.@@.@@...
..........................................................................................................................................................
..@@.@@.@@.@@.@@.@@.@@.@@.@@.@@.@@.@@.@@.@@.@@.@@.@@.@@.@@.@@.@@.@@.@@.@@.@@.@@.@@.@@.@@.@@.@@.@@.@@.@@.@@.@@.@@.@@.@@.@@.@@.@@.@@.@@.@@.@@.@@.@@.@@.@@...
..........................................................................................................................................................
..@@.@@.@@.@@.@@.@@.@@.@@.@@.@@.@@.@@.@@.@@.@@.@@.@@.@@.@@.@@.@@.@@.@@.@@.@@.@@.@@.@@.@@.@@.@@.@@.@@.@@.@@.@@.@@.@@.@@.@@.@@.@@.@@.@@.@@.@@.@@.@@.@@.@@...
..........................................................................................................................................................
..........................................................................................................................................................
..........................................................................................................................................................
18
11 87 9 111
0 4 11 153
7 74 1 14
6 19 9 125
8 121 1 89
12 123 13 121
3 46 0 41
7 22 13 4
8 10 3 150
0 68 13 141
0 26 11 70
12 87 1 114
11 80 3 72
0 69 7 20
7 138 3 137
3 146 9 9
0 95 9 119
3 115 5 41
