30 31
...............................
...............................
..@@.@@.@@.@@.@@.@@.@@.@@.@@...
...............................
..@@.@@.@@.@@.@@.@@.@@.@@.@@...
...............................
..@@.@@.@@.@@.@@.@@.@@.@@.@@...
...............................
..@@.@@.@@.@@.@@.@@.@@.@@.@@...
...............................
..@@.@@.@@.@@.@@.@@.@@.@@.@@...
...............................
..@@.@@.@@.@@.@@.@@.@@.@@.@@...
...............................
..@@.@@.@@.@@.@@.@@.@@.@@.@@...
...............................
..@@.@@.@@.@@.@@.@@.@@.@@.@@...
...............................
..@@.@@.@@.@@.@@.@@.@@.@@.@@...
...............................
..@@.@@.@@.@@.@@.@@.@@.@@.@@...
...............................
..@@.@@.@@.@@.@@.@@.@@.@@.@@...
...............................
..@@.@@.@@.@@.@@.@@.@@.@@.@@...
...............................
..@@.@@.@@.@@.@@.@@.@@.@@.@@...
...............................
...............................
...............................
26
15 0 7 13
14 0 4 22
19 1 24 13
3 27 18 22
13 13 0 13
6 19 27 7
27 1 29 22
19 15 0 15
11 23 23 3
17 3 22 7
18 1 24 25
1 0 20 29
17 18 3 23
21 7 5 10
28 22 3 20
4 28 28 18
9 13 27 20
3 30 29 20
27 24 15 10
13 25 1 27
17 2 9 11
25 19 24 30
25 13 29 21
1 20 3 4
28 23 28 5
23 19 29 10
