22 16
................
................
..@@.@@.@@.@@...
................
..@@.@@.@@.@@...
................
..@@.@@.@@.@@...
................
..@@.@@.@@.@@...
................
..@@.@@.@@.@@...
................
..@@.@@.@@.@@...
................
..@@.@@.@@.@@...
................
..@@.@@.@@.@@...
................
..@@.@@.@@.@@...
................
................
................
27
20 12 12 14
21 6 12 4
17 9 3 10
3 11 7 0
0 3 0 3
19 0 8 13
1 13 12 1
1 11 7 9
5 3 17 1
9 8 5 0
0 15 17 9
21 1 13 5
7 8 7 5
15 14 8 14
15 6 17 12
17 6 4 15
20 13 5 9
6 4 13 7
2 1 15 4
19 10 5 8
14 4 15 11
20 14 15 13
1 5 17 4
18 15 9 7
5 9 16 13
19 15 13 14
0 5 0 2
