14 37
.....................................
.....................................
..@@.@@.@@.@@.@@.@@.@@.@@.@@.@@.@@...
.....................................
..@@.@@.@@.@@.@@.@@.@@.@@.@@.@@.@@...
.....................................
..@@.@@.@@.@@.@@.@@.@@.@@.@@.@@.@@...
.....................................
..@@.@@.@@.@@.@@.@@.@@.@@.@@.@@.@@...
.....................................
..@@.@@.@@.@@.@@.@@.@@.@@.@@.@@.@@...
.....................................
.....................................
.....................................
28
0 13 7 36
5 35 7 15
3 19 3 5
5 30 0 36
1 12 10 16
12 21 10 0
4 22 1 9
11 36 0 19
0 5 9 10
1 28 2 4
8 36 1 27
7 3 9 28
11 30 9 14
3 0 0 15
3 27 8 16
5 25 9 19
3 13 11 4
5 29 5 5
9 7 3 26
13 8 7 34
11 22 2 0
0 11 13 3
11 27 12 13
12 8 1 6
4 10 9 3
7 10 7 32
0 26 5 11
2 1 5 29
