28 16
................
................
..@@.@@.@@.@@...
................
..@@.@@.@@.@@...
................
..@@.@@.@@.@@...
................
..@@.@@.@@.@@...
................
..@@.@@.@@.@@...
................
..@@.@@.@@.@@...
................
..@@.@@.@@.@@...
................
..@@.@@.@@.@@...
................
..@@.@@.@@.@@...
................
..@@.@@.@@.@@...
................
..@@.@@.@@.@@...
................
..@@.@@.@@.@@...
................
................
................
26
9 4 22 14
0 14 23 15
15 12 19 10
7 14 3 2
1 3 27 9
7 7 0 8
0 0 17 11
12 0 26 0
14 15 7 15
5 7 0 14
12 4 27 13
5 13 3 7
17 9 8 13
25 9 2 7
6 10 13 10
16 10 2 14
19 7 27 14
17 13 13 3
7 11 20 15
23 2 17 4
0 5 6 14
5 2 14 4
21 15 7 12
13 10 18 1
25 2 19 8
23 0 9 8
