30 13
.............
.............
..@@.@@.@@...
.............
..@@.@@.@@...
.............
..@@.@@.@@...
.............
..@@.@@.@@...
.............
..@@.@@.@@...
.............
..@@.@@.@@...
.............
..@@.@@.@@...
.............
..@@.@@.@@...
.............
..@@.@@.@@...
.............
..@@.@@.@@...
.............
..@@.@@.@@...
.............
..@@.@@.@@...
.............
..@@.@@.@@...
.............
.............
.............
18
11 11 19 6
25 3 19 12
8 10 6 10
28 1 12 11
10 10 22 4
19 3 0 6
16 7 27 7
19 12 23 5
4 4 9 9
21 5 7 8
21 4 3 0
6 4 15 11
1 3 28 9
0 1 13 5
3 5 4 4
13 12 28 2
18 10 28 1
28 3 29 0
