22 22
......................
......................
..@@.@@.@@.@@.@@.@@...
......................
..@@.@@.@@.@@.@@.@@...
......................
..@@.@@.@@.@@.@@.@@...
......................
..@@.@@.@@.@@.@@.@@...
......................
..@@.@@.@@.@@.@@.@@...
......................
..@@.@@.@@.@@.@@.@@...
......................
..@@.@@.@@.@@.@@.@@...
......................
..@@.@@.@@.@@.@@.@@...
......................
..@@.@@.@@.@@.@@.@@...
......................
......................
......................
23
12 20 9 4
21 9 11 12
0 3 20 9
5 20 21 16
15 6 3 17
14 19 20 11
18 1 15 16
7 17 0 11
19 20 8 0
4 16 11 7
19 7 11 16
3 18 9 11
6 20 3 9
9 0 13 20
19 19 0 3
7 9 19 12
18 0 17 17
21 2 13 21
3 19 19 6
20 3 1 2
3 3 21 17
12 16 17 5
17 8 3 7
