30 13
.............
.............
..@@.@@.@@...
.............
..@@.@@.@@...
.............
..@@.@@.@@...
.............
..@@.@@.@@...
.............
..@@.@@.@@...
.............
..@@.@@.@@...
.............
..@@.@@.@@...
.............
..@@.@@.@@...
.............
..@@.@@.@@...
.............
..@@.@@.@@...
.............
..@@.@@.@@...
.............
..@@.@@.@@...
.............
..@@.@@.@@...
.............
.............
.............
18
5 8 25 11
27 2 23 9
0 5 28 5
29 2 8 7
25 0 2 11
24 0 11 9
5 0 17 7
6 0 21 6
0 3 21 7
23 7 13 0
28 4 2 7
28 9 2 4
19 5 7 1
28 6 12 12
1 10 1 3
25 11 3 7
17 6 21 9
7 8 20 12
