26 16
................
................
..@@.@@.@@.@@...
................
..@@.@@.@@.@@...
................
..@@.@@.@@.@@...
................
..@@.@@.@@.@@...
................
..@@.@@.@@.@@...
................
..@@.@@.@@.@@...
................
..@@.@@.@@.@@...
................
..@@.@@.@@.@@...
................
..@@.@@.@@.@@...
................
..@@.@@.@@.@@...
................
..@@.@@.@@.@@...
................
................
................
30
10 13 19 0
18 13 19 12
23 10 16 10
9 14 1 10
23 9 18 15
0 13 12 10
2 4 11 9
1 4 16 15
13 11 11 3
21 9 1 4
20 1 6 13
5 3 5 0
21 6 1 2
7 4 10 15
15 3 0 12
3 11 22 10
4 4 10 7
6 10 13 11
24 8 3 11
7 0 7 12
0 6 1 7
5 14 24 5
24 6 15 10
21 3 0 9
3 15 8 14
9 7 5 8
17 11 9 10
6 4 20 14
16 1 3 7
9 11 14 10
