32 10
..........
..........
..@@.@@...
..........
..@@.@@...
..........
..@@.@@...
..........
..@@.@@...
..........
..@@.@@...
..........
..@@.@@...
..........
..@@.@@...
..........
..@@.@@...
..........
..@@.@@...
..........
..@@.@@...
..........
..@@.@@...
..........
..@@.@@...
..........
..@@.@@...
..........
..@@.@@...
..........
..........
..........
20
1 3 0 5
16 7 27 6
23 2 2 1
23 1 10 7
23 9 30 6
3 2 16 9
11 7 0 3
31 8 21 9
11 8 16 0
9 5 23 0
30 9 31 3
30 2 8 1
25 0 26 0
25 7 3 4
30 8 11 9
14 9 23 1
3 6 1 1
18 9 9 0
25 4 3 5
5 4 10 4
