30 13
.............
.............
..@@.@@.@@...
.............
..@@.@@.@@...
.............
..@@.@@.@@...
.............
..@@.@@.@@...
.............
..@@.@@.@@...
.............
..@@.@@.@@...
.............
..@@.@@.@@...
.............
..@@.@@.@@...
.............
..@@.@@.@@...
.............
..@@.@@.@@...
.............
..@@.@@.@@...
.............
..@@.@@.@@...
.............
..@@.@@.@@...
.............
.............
.............
18
4 7 10 7
7 11 28 6
0 7 16 11
12 1 25 9
1 12 3 0
3 6 29 3
16 4 9 10
17 8 0 7
21 11 0 1
12 11 11 5
22 10 11 2
0 10 17 12
11 12 6 12
6 1 27 6
18 0 29 12
15 4 17 11
3 7 11 12
21 5 7 8
