14 37
.....................................
.....................................
..@@.@@.@@.@@.@@.@@.@@.@@.@@.@@.@@...
.....................................
..@@.@@.@@.@@.@@.@@.@@.@@.@@.@@.@@...
.....................................
..@@.@@.@@.@@.@@.@@.@@.@@.@@.@@.@@...
.....................................
..@@.@@.@@.@@.@@.@@.@@.@@.@@.@@.@@...
.....................................
..@@.@@.@@.@@.@@.@@.@@.@@.@@.@@.@@...
.....................................
.....................................
.....................................
27
3 7 12 2
1 27 0 4
9 21 1 20
1 34 1 10
7 7 7 23
5 30 7 6
5 24 0 2
7 30 12 15
13 16 13 25
10 31 5 1
8 36 11 33
5 20 1 7
0 25 8 34
0 20 7 25
7 8 3 34
9 2 2 1
13 30 11 20
8 28 9 8
6 28 13 30
10 19 7 4
11 26 10 10
9 0 5 15
2 36 10 19
6 13 1 18
1 7 9 9
6 0 11 9
9 23 3 3
