28 16
................
................
..@@.@@.@@.@@...
................
..@@.@@.@@.@@...
................
..@@.@@.@@.@@...
................
..@@.@@.@@.@@...
................
..@@.@@.@@.@@...
................
..@@.@@.@@.@@...
................
..@@.@@.@@.@@...
................
..@@.@@.@@.@@...
................
..@@.@@.@@.@@...
................
..@@.@@.@@.@@...
................
..@@.@@.@@.@@...
................
..@@.@@.@@.@@...
................
................
................
26
11 2 10 13
3 14 24 13
21 0 27 5
17 4 10 1
11 10 23 12
11 5 16 10
15 10 8 7
26 14 17 14
21 11 15 5
17 15 7 14
1 6 4 1
23 6 21 0
1 1 23 1
14 7 27 10
27 10 21 1
17 9 9 4
13 8 3 12
24 1 26 3
4 4 15 9
18 0 2 15
5 15 18 7
12 0 0 4
19 4 3 1
3 7 13 5
8 15 15 4
19 2 0 1
