26 34
..................................
..................................
..@@.@@.@@.@@.@@.@@.@@.@@.@@.@@...
..................................
..@@.@@.@@.@@.@@.@@.@@.@@.@@.@@...
..................................
..@@.@@.@@.@@.@@.@@.@@.@@.@@.@@...
..................................
..@@.@@.@@.@@.@@.@@.@@.@@.@@.@@...
..................................
..@@.@@.@@.@@.@@.@@.@@.@@.@@.@@...
..................................
..@@.@@.@@.@@.@@.@@.@@.@@.@@.@@...
..................................
..@@.@@.@@.@@.@@.@@.@@.@@.@@.@@...
..................................
..@@.@@.@@.@@.@@.@@.@@.@@.@@.@@...
..................................
..@@.@@.@@.@@.@@.@@.@@.@@.@@.@@...
..................................
..@@.@@.@@.@@.@@.@@.@@.@@.@@.@@...
..................................
..@@.@@.@@.@@.@@.@@.@@.@@.@@.@@...
..................................
..................................
..................................
31
13 0 21 22
24 31 24 17
20 16 0 14
3 12 7 22
17 16 20 0
23 10 3 8
11 21 3 5
5 25 24 26
23 14 23 32
5 26 25 24
11 0 24 3
5 11 19 25
15 22 13 10
7 20 11 0
15 8 7 18
24 30 3 9
3 15 23 3
9 14 23 18
9 0 24 7
1 21 25 5
9 10 22 4
11 10 1 32
0 30 25 25
8 4 24 33
21 8 13 28
12 16 24 13
11 33 25 14
5 31 14 13
22 7 8 31
22 1 0 12
1 14 23 20
