22 22
......................
......................
..@@.@@.@@.@@.@@.@@...
......................
..@@.@@.@@.@@.@@.@@...
......................
..@@.@@.@@.@@.@@.@@...
......................
..@@.@@.@@.@@.@@.@@...
......................
..@@.@@.@@.@@.@@.@@...
......................
..@@.@@.@@.@@.@@.@@...
......................
..@@.@@.@@.@@.@@.@@...
......................
..@@.@@.@@.@@.@@.@@...
......................
..@@.@@.@@.@@.@@.@@...
......................
......................
......................
23
13 14 9 4
18 20 3 10
11 16 20 0
16 0 1 3
10 7 20 16
7 7 17 10
0 15 19 16
13 20 6 10
5 12 19 20
15 11 0 12
15 10 8 20
8 7 20 18
13 11 18 21
20 15 1 16
6 16 17 12
11 18 8 0
11 17 0 5
20 4 15 16
7 1 16 21
5 17 14 1
11 15 4 7
13 21 14 7
0 13 17 13
