22 43
...........................................
...........................................
..@@.@@.@@.@@.@@.@@.@@.@@.@@.@@.@@.@@.@@...
...........................................
..@@.@@.@@.@@.@@.@@.@@.@@.@@.@@.@@.@@.@@...
...........................................
..@@.@@.@@.@@.@@.@@.@@.@@.@@.@@.@@.@@.@@...
...........................................
..@@.@@.@@.@@.@@.@@.@@.@@.@@.@@.@@.@@.@@...
...........................................
..@@.@@.@@.@@.@@.@@.@@.@@.@@.@@.@@.@@.@@...
...........................................
..@@.@@.@@.@@.@@.@@.@@.@@.@@.@@.@@.@@.@@...
...........................................
..@@.@@.@@.@@.@@.@@.@@.@@.@@.@@.@@.@@.@@...
...........................................
..@@.@@.@@.@@.@@.@@.@@.@@.@@.@@.@@.@@.@@...
...........................................
..@@.@@.@@.@@.@@.@@.@@.@@.@@.@@.@@.@@.@@...
...........................................
...........................................
...........................................
46
5 0 11 19
11 12 19 4
13 24 0 7
9 6 16 4
21 6 1 17
17 2 20 32
14 4 11 14
1 4 20 15
0 37 9 7
11 15 13 11
14 10 0 15
18 16 17 36
21 32 20 30
13 34 14 34
18 40 9 23
1 39 7 1
16 22 15 13
17 29 15 28
0 8 13 2
2 19 8 4
12 42 0 19
2 0 7 37
9 42 2 40
11 42 0 20
11 11 19 30
0 3 16 34
19 23 19 38
21 21 3 3
7 40 12 37
13 4 7 27
3 9 3 9
14 22 3 6
5 7 9 8
1 38 17 33
21 31 18 37
7 11 6 40
2 40 0 39
20 26 4 4
3 16 13 18
12 10 9 5
7 2 1 33
9 19 9 41
15 6 5 20
7 1 9 25
15 2 20 5
3 2 10 4
