38 22
......................
......................
..@@.@@.@@.@@.@@.@@...
......................
..@@.@@.@@.@@.@@.@@...
......................
..@@.@@.@@.@@.@@.@@...
......................
..@@.@@.@@.@@.@@.@@...
......................
..@@.@@.@@.@@.@@.@@...
......................
..@@.@@.@@.@@.@@.@@...
......................
..@@.@@.@@.@@.@@.@@...
......................
..@@.@@.@@.@@.@@.@@...
......................
..@@.@@.@@.@@.@@.@@...
......................
..@@.@@.@@.@@.@@.@@...
......................
..@@.@@.@@.@@.@@.@@...
......................
..@@.@@.@@.@@.@@.@@...
......................
..@@.@@.@@.@@.@@.@@...
......................
..@@.@@.@@.@@.@@.@@...
......................
..@@.@@.@@.@@.@@.@@...
......................
..@@.@@.@@.@@.@@.@@...
......................
..@@.@@.@@.@@.@@.@@...
......................
......................
......................
22
27 19 23 13
23 7 36 11
15 0 27 2
23 13 7 0
16 4 33 21
21 14 1 8
33 5 1 5
9 21 14 13
33 17 15 12
25 0 15 15
28 20 31 9
15 18 18 16
36 0 15 16
1 7 19 14
19 15 8 10
8 20 21 15
3 1 8 20
35 9 36 3
7 8 1 13
27 18 25 15
1 13 27 3
19 16 17 2
