26 16
................
................
..@@.@@.@@.@@...
................
..@@.@@.@@.@@...
................
..@@.@@.@@.@@...
................
..@@.@@.@@.@@...
................
..@@.@@.@@.@@...
................
..@@.@@.@@.@@...
................
..@@.@@.@@.@@...
................
..@@.@@.@@.@@...
................
..@@.@@.@@.@@...
................
..@@.@@.@@.@@...
................
..@@.@@.@@.@@...
................
................
................
30
5 14 2 14
19 8 7 13
13 5 14 4
16 0 7 5
7 9 3 12
24 15 21 6
16 10 17 2
1 4 6 1
1 0 25 10
13 6 19 8
16 13 13 3
21 11 15 5
25 11 3 7
16 4 24 5
2 4 3 15
19 1 14 7
10 0 13 8
19 7 21 1
17 2 21 5
20 14 3 8
5 11 11 12
0 3 6 7
5 8 13 4
17 7 11 5
11 12 0 1
11 2 23 1
17 14 25 6
3 3 9 5
17 12 22 1
3 9 15 7
