30 31
...............................
...............................
..@@.@@.@@.@@.@@.@@.@@.@@.@@...
...............................
..@@.@@.@@.@@.@@.@@.@@.@@.@@...
...............................
..@@.@@.@@.@@.@@.@@.@@.@@.@@...
...............................
..@@.@@.@@.@@.@@.@@.@@.@@.@@...
...............................
..@@.@@.@@.@@.@@.@@.@@.@@.@@...
...............................
..@@.@@.@@.@@.@@.@@.@@.@@.@@...
...............................
..@@.@@.@@.@@.@@.@@.@@.@@.@@...
...............................
..@@.@@.@@.@@.@@.@@.@@.@@.@@...
...............................
..@@.@@.@@.@@.@@.@@.@@.@@.@@...
...............................
..@@.@@.@@.@@.@@.@@.@@.@@.@@...
...............................
..@@.@@.@@.@@.@@.@@.@@.@@.@@...
...............................
..@@.@@.@@.@@.@@.@@.@@.@@.@@...
...............................
..@@.@@.@@.@@.@@.@@.@@.@@.@@...
...............................
...............................
...............................
26
21 4 5 3
21 21 9 20
14 16 19 20
19 2 4 25
0 5 19 13
1 24 23 7
17 28 6 29
21 30 17 4
28 22 6 1
27 4 3 15
26 0 21 14
2 4 19 21
0 10 11 23
12 10 0 28
28 29 16 30
1 12 28 24
25 24 29 6
27 25 22 0
19 5 10 10
23 19 2 28
15 6 12 0
12 22 9 14
25 30 25 5
27 24 19 14
15 24 25 6
17 23 9 11
