32 10
..........
..........
..@@.@@...
..........
..@@.@@...
..........
..@@.@@...
..........
..@@.@@...
..........
..@@.@@...
..........
..@@.@@...
..........
..@@.@@...
..........
..@@.@@...
..........
..@@.@@...
..........
..@@.@@...
..........
..@@.@@...
..........
..@@.@@...
..........
..@@.@@...
..........
..@@.@@...
..........
..........
..........
20
13 6 15 7
26 0 9 3
30 3 25 6
7 0 17 1
4 4 17 2
10 8 15 0
14 4 19 4
28 1 18 4
27 5 27 6
27 7 23 5
2 0 16 9
12 0 15 9
4 8 1 8
7 7 1 4
30 4 10 1
6 7 10 7
10 9 29 5
29 1 30 1
9 0 17 0
20 7 23 4
