32 10
..........
..........
..@@.@@...
..........
..@@.@@...
..........
..@@.@@...
..........
..@@.@@...
..........
..@@.@@...
..........
..@@.@@...
..........
..@@.@@...
..........
..@@.@@...
..........
..@@.@@...
..........
..@@.@@...
..........
..@@.@@...
..........
..@@.@@...
..........
..@@.@@...
..........
..@@.@@...
..........
..........
..........
20
19 8 0 3
23 3 5 1
1 0 27 4
21 4 3 0
9 9 30 7
15 4 30 0
6 8 27 5
3 1 25 0
12 0 28 7
30 1 6 1
22 9 7 3
12 1 24 8
1 2 21 9
17 1 6 9
24 4 3 5
8 4 27 3
0 9 17 7
27 5 8 9
17 5 0 8
17 0 6 8
