6 151
.......................................................................................................................................................
.......................................................................................................................................................
..@@.@@.@@.@@.@@.@@.@@.@@.@@.@@.@@.@@.@@.@@.@@.@@.@@.@@.@@.@@.@@.@@.@@.@@.@@.@@.@@.@@.@@.@@.@@.@@.@@.@@.@@.@@.@@.@@.@@.@@.@@.@@.@@.@@.@@.@@.@@.@@.@@...
.......................................................................................................................................................
.......................................................................................................................................................
.......................................................................................................................................................
31
1 55 0 96
1 138 3 10
4 15 0 3
0 125 5 49
4 75 5 130
3 12 5 15
3 105 3 86
1 113 1 122
3 53 3 125
5 115 3 44
4 98 1 104
2 58 3 145
3 127 0 132
0 45 4 142
0 36 3 144
3 14 5 139
3 134 4 76
5 140 3 7
3 115 1 148
5 25 0 121
0 78 5 94
4 61 0 139
5 2 4 124
4 76 3 50
3 19 0 90
3 129 1 49
1 41 0 8
2 109 0 100
0 77 3 81
4 19 0 82
0 111 3 41
