24 16
................
................
..@@.@@.@@.@@...
................
..@@.@@.@@.@@...
................
..@@.@@.@@.@@...
................
..@@.@@.@@.@@...
................
..@@.@@.@@.@@...
................
..@@.@@.@@.@@...
................
..@@.@@.@@.@@...
................
..@@.@@.@@.@@...
................
..@@.@@.@@.@@...
................
..@@.@@.@@.@@...
................
................
................
23
17 10 3 3
7 6 0 11
5 3 18 10
5 10 20 1
20 13 7 13
16 7 17 0
17 6 20 7
0 1 7 2
15 9 19 9
14 1 11 0
13 5 10 14
9 15 23 10
6 0 1 0
0 12 2 14
0 9 19 5
21 2 12 14
21 13 12 15
2 14 17 4
10 7 4 10
13 1 7 8
13 3 21 9
21 15 7 0
0 8 21 10
