28 16
................
................
..@@.@@.@@.@@...
................
..@@.@@.@@.@@...
................
..@@.@@.@@.@@...
................
..@@.@@.@@.@@...
................
..@@.@@.@@.@@...
................
..@@.@@.@@.@@...
................
..@@.@@.@@.@@...
................
..@@.@@.@@.@@...
................
..@@.@@.@@.@@...
................
..@@.@@.@@.@@...
................
..@@.@@.@@.@@...
................
..@@.@@.@@.@@...
................
................
................
26
24 7 10 7
23 14 7 5
9 15 25 7
25 15 11 13
15 11 21 4
22 4 12 14
8 0 23 15
5 0 15 4
5 12 13 13
21 8 4 15
19 3 13 4
3 15 13 1
19 5 20 1
26 0 26 4
15 1 26 7
21 13 17 2
2 7 15 2
3 2 7 7
15 5 6 4
7 0 24 7
13 0 26 6
11 1 23 13
17 11 23 12
6 0 2 15
9 10 5 1
25 13 17 12
