8 148
....................................................................................................................................................
....................................................................................................................................................
..@@.@@.@@.@@.@@.@@.@@.@@.@@.@@.@@.@@.@@.@@.@@.@@.@@.@@.@@.@@.@@.@@.@@.@@.@@.@@.@@.@@.@@.@@.@@.@@.@@.@@.@@.@@.@@.@@.@@.@@.@@.@@.@@.@@.@@.@@.@@.@@...
....................................................................................................................................................
..@@.@@.@@.@@.@@.@@.@@.@@.@@.@@.@@.@@.@@.@@.@@.@@.@@.@@.@@.@@.@@.@@.@@.@@.@@.@@.@@.@@.@@.@@.@@.@@.@@.@@.@@.@@.@@.@@.@@.@@.@@.@@.@@.@@.@@.@@.@@.@@...
....................................................................................................................................................
....................................................................................................................................................
....................................................................................................................................................
23
4 0 3 19
0 64 2 76
7 99 1 8
6 44 2 133
3 109 1 145
5 11 5 86
1 5 0 74
5 55 3 71
7 24 6 97
3 86 6 11
1 113 7 136
1 95 4 58
7 31 0 124
5 29 7 75
3 119 1 38
6 76 4 147
0 40 1 114
3 124 4 82
3 102 3 57
4 82 5 98
1 122 7 98
6 123 1 46
6 116 6 146
