30 31
...............................
...............................
..@@.@@.@@.@@.@@.@@.@@.@@.@@...
...............................
..@@.@@.@@.@@.@@.@@.@@.@@.@@...
...............................
..@@.@@.@@.@@.@@.@@.@@.@@.@@...
...............................
..@@.@@.@@.@@.@@.@@.@@.@@.@@...
...............................
..@@.@@.@@.@@.@@.@@.@@.@@.@@...
...............................
..@@.@@.@@.@@.@@.@@.@@.@@.@@...
...............................
..@@.@@.@@.@@.@@.@@.@@.@@.@@...
...............................
..@@.@@.@@.@@.@@.@@.@@.@@.@@...
...............................
..@@.@@.@@.@@.@@.@@.@@.@@.@@...
...............................
..@@.@@.@@.@@.@@.@@.@@.@@.@@...
...............................
..@@.@@.@@.@@.@@.@@.@@.@@.@@...
...............................
..@@.@@.@@.@@.@@.@@.@@.@@.@@...
...............................
..@@.@@.@@.@@.@@.@@.@@.@@.@@...
...............................
...............................
...............................
26
10 22 27 29
25 1 11 9
9 8 12 25
23 10 23 28
17 24 26 0
3 11 13 0
23 14 11 29
13 14 25 14
28 30 1 24
23 11 23 2
12 22 29 13
7 11 21 4
29 0 14 22
22 29 15 26
17 4 21 29
21 5 3 29
19 9 8 4
16 10 13 1
28 2 16 4
23 6 29 25
26 28 25 3
12 1 21 10
21 1 28 15
7 19 10 0
29 15 17 24
1 9 26 7
