28 16
................
................
..@@.@@.@@.@@...
................
..@@.@@.@@.@@...
................
..@@.@@.@@.@@...
................
..@@.@@.@@.@@...
................
..@@.@@.@@.@@...
................
..@@.@@.@@.@@...
................
..@@.@@.@@.@@...
................
..@@.@@.@@.@@...
................
..@@.@@.@@.@@...
................
..@@.@@.@@.@@...
................
..@@.@@.@@.@@...
................
..@@.@@.@@.@@...
................
................
................
26
5 4 20 0
27 3 8 15
23 5 0 4
5 9 21 1
0 4 13 11
6 10 11 4
12 1 15 5
1 3 9 10
3 5 21 12
9 9 9 5
20 4 11 5
26 7 21 15
19 9 22 10
26 8 10 14
8 0 7 2
2 10 17 1
10 14 19 7
17 0 25 0
5 5 7 0
26 12 12 1
26 9 21 6
1 11 17 10
16 4 0 3
7 2 15 10
25 6 4 10
0 6 23 7
