14 37
.....................................
.....................................
..@@.@@.@@.@@.@@.@@.@@.@@.@@.@@.@@...
.....................................
..@@.@@.@@.@@.@@.@@.@@.@@.@@.@@.@@...
.....................................
..@@.@@.@@.@@.@@.@@.@@.@@.@@.@@.@@...
.....................................
..@@.@@.@@.@@.@@.@@.@@.@@.@@.@@.@@...
.....................................
..@@.@@.@@.@@.@@.@@.@@.@@.@@.@@.@@...
.....................................
.....................................
.....................................
28
5 0 7 21
11 25 3 4
7 29 12 9
1 36 11 26
9 20 4 7
1 12 5 36
1 21 11 5
10 35 12 4
9 18 11 32
6 10 0 31
13 19 10 28
3 16 11 9
1 8 13 27
12 12 2 36
5 34 7 14
13 20 1 31
7 36 3 29
9 32 13 3
9 0 7 19
7 23 5 7
1 13 8 35
12 20 9 32
5 22 11 28
9 30 3 5
3 20 13 33
13 28 0 36
5 33 7 20
0 22 13 11
