26 16
................
................
..@@.@@.@@.@@...
................
..@@.@@.@@.@@...
................
..@@.@@.@@.@@...
................
..@@.@@.@@.@@...
................
..@@.@@.@@.@@...
................
..@@.@@.@@.@@...
................
..@@.@@.@@.@@...
................
..@@.@@.@@.@@...
................
..@@.@@.@@.@@...
................
..@@.@@.@@.@@...
................
..@@.@@.@@.@@...
................
................
................
30
18 7 22 14
21 14 11 1
7 10 18 14
24 5 14 4
9 5 0 2
17 4 6 7
3 11 11 2
16 14 17 1
2 10 19 15
13 12 19 8
24 14 21 5
5 8 9 5
11 10 3 3
3 12 7 15
24 6 5 12
24 7 25 4
17 3 6 14
11 3 23 3
20 15 1 11
19 5 13 7
0 6 25 14
23 14 24 2
1 1 6 10
18 10 12 4
0 1 9 2
2 14 22 10
17 7 22 0
10 13 15 8
8 14 1 12
24 8 24 1
