26 34
..................................
..................................
..@@.@@.@@.@@.@@.@@.@@.@@.@@.@@...
..................................
..@@.@@.@@.@@.@@.@@.@@.@@.@@.@@...
..................................
..@@.@@.@@.@@.@@.@@.@@.@@.@@.@@...
..................................
..@@.@@.@@.@@.@@.@@.@@.@@.@@.@@...
..................................
..@@.@@.@@.@@.@@.@@.@@.@@.@@.@@...
..................................
..@@.@@.@@.@@.@@.@@.@@.@@.@@.@@...
..................................
..@@.@@.@@.@@.@@.@@.@@.@@.@@.@@...
..................................
..@@.@@.@@.@@.@@.@@.@@.@@.@@.@@...
..................................
..@@.@@.@@.@@.@@.@@.@@.@@.@@.@@...
..................................
..@@.@@.@@.@@.@@.@@.@@.@@.@@.@@...
..................................
..@@.@@.@@.@@.@@.@@.@@.@@.@@.@@...
..................................
..................................
..................................
31
15 10 20 1
13 2 9 25
3 4 24 21
23 10 1 10
5 24 17 8
7 11 7 29
20 32 7 25
17 32 13 5
7 28 20 25
11 17 22 7
11 28 6 19
24 16 0 14
7 22 3 1
12 31 3 2
9 28 15 2
7 15 17 27
19 19 20 32
7 14 23 2
21 5 9 26
9 14 15 5
0 2 22 16
13 31 0 28
17 20 7 24
4 7 25 14
9 7 11 21
11 23 0 7
22 25 17 9
6 25 20 16
21 18 9 1
11 19 0 30
5 30 1 8
