24 16
................
................
..@@.@@.@@.@@...
................
..@@.@@.@@.@@...
................
..@@.@@.@@.@@...
................
..@@.@@.@@.@@...
................
..@@.@@.@@.@@...
................
..@@.@@.@@.@@...
................
..@@.@@.@@.@@...
................
..@@.@@.@@.@@...
................
..@@.@@.@@.@@...
................
..@@.@@.@@.@@...
................
................
................
23
9 8 15 15
7 0 8 7
22 7 20 14
8 10 1 10
15 6 22 4
13 4 17 6
15 15 13 2
3 7 13 6
15 9 0 2
2 7 5 15
22 15 10 4
17 1 5 7
3 6 15 12
22 8 3 13
22 10 15 4
18 0 9 12
5 1 19 5
0 15 17 13
0 1 0 6
11 3 22 0
10 0 21 2
15 1 7 12
22 9 17 2
