14 31
...............................
...............................
..@@.@@.@@.@@.@@.@@.@@.@@.@@...
...............................
..@@.@@.@@.@@.@@.@@.@@.@@.@@...
...............................
..@@.@@.@@.@@.@@.@@.@@.@@.@@...
...............................
..@@.@@.@@.@@.@@.@@.@@.@@.@@...
...............................
..@@.@@.@@.@@.@@.@@.@@.@@.@@...
...............................
...............................
...............................
15
3 22 3 13
12 24 5 18
11 22 1 29
12 16 5 9
8 1 2 1
7 21 1 1
5 12 5 10
5 15 5 29
9 2 11 24
11 23 3 18
8 13 13 28
9 21 4 10
6 30 12 20
0 17 5 22
8 16 11 28
