24 19
...................
...................
..@@.@@.@@.@@.@@...
...................
..@@.@@.@@.@@.@@...
...................
..@@.@@.@@.@@.@@...
...................
..@@.@@.@@.@@.@@...
...................
..@@.@@.@@.@@.@@...
...................
..@@.@@.@@.@@.@@...
...................
..@@.@@.@@.@@.@@...
...................
..@@.@@.@@.@@.@@...
...................
..@@.@@.@@.@@.@@...
...................
..@@.@@.@@.@@.@@...
...................
...................
...................
25
9 9 22 8
15 1 7 14
22 11 17 3
20 4 20 17
7 1 1 12
22 9 22 5
15 8 10 4
13 5 17 8
15 17 13 3
3 8 13 7
15 11 0 3
17 1 23 4
12 13 5 18
22 18 15 15
3 9 3 15
11 14 15 4
22 10 18 0
9 14 19 12
5 1 15 18
0 18 5 8
0 1 19 6
2 13 17 16
11 3 0 7
10 0 22 0
8 4 21 3
