24 19
...................
...................
..@@.@@.@@.@@.@@...
...................
..@@.@@.@@.@@.@@...
...................
..@@.@@.@@.@@.@@...
...................
..@@.@@.@@.@@.@@...
...................
..@@.@@.@@.@@.@@...
...................
..@@.@@.@@.@@.@@...
...................
..@@.@@.@@.@@.@@...
...................
..@@.@@.@@.@@.@@...
...................
..@@.@@.@@.@@.@@...
...................
..@@.@@.@@.@@.@@...
...................
...................
...................
26
4 10 9 7
0 6 0 4
23 6 18 1
20 0 11 14
19 3 9 12
4 1 13 3
0 4 5 9
1 16 19 3
5 13 8 0
10 7 9 14
1 0 19 8
22 12 14 1
2 16 5 8
8 4 21 9
17 7 6 0
18 18 21 4
22 14 14 16
6 16 15 13
9 6 22 8
22 18 17 3
15 10 17 5
22 15 15 3
1 8 0 3
20 13 13 7
13 18 3 18
21 14 7 12
