26 34
..................................
..................................
..@@.@@.@@.@@.@@.@@.@@.@@.@@.@@...
..................................
..@@.@@.@@.@@.@@.@@.@@.@@.@@.@@...
..................................
..@@.@@.@@.@@.@@.@@.@@.@@.@@.@@...
..................................
..@@.@@.@@.@@.@@.@@.@@.@@.@@.@@...
..................................
..@@.@@.@@.@@.@@.@@.@@.@@.@@.@@...
..................................
..@@.@@.@@.@@.@@.@@.@@.@@.@@.@@...
..................................
..@@.@@.@@.@@.@@.@@.@@.@@.@@.@@...
..................................
..@@.@@.@@.@@.@@.@@.@@.@@.@@.@@...
..................................
..@@.@@.@@.@@.@@.@@.@@.@@.@@.@@...
..................................
..@@.@@.@@.@@.@@.@@.@@.@@.@@.@@...
..................................
..@@.@@.@@.@@.@@.@@.@@.@@.@@.@@...
..................................
..................................
..................................
31
9 7 22 25
17 12 13 1
3 22 21 23
25 31 8 0
5 10 24 20
5 23 13 11
6 22 24 26
24 17 13 13
17 25 23 11
9 6 15 25
1 5 2 22
21 1 5 6
21 17 24 28
24 18 7 11
18 19 1 0
25 27 16 7
7 24 4 4
9 27 3 4
16 7 24 19
2 33 5 5
9 18 19 31
25 2 19 30
0 8 23 16
12 25 18 1
24 16 1 10
7 5 24 1
10 25 8 7
8 31 24 32
24 13 7 17
10 22 21 17
1 33 15 23
