30 31
...............................
...............................
..@@.@@.@@.@@.@@.@@.@@.@@.@@...
...............................
..@@.@@.@@.@@.@@.@@.@@.@@.@@...
...............................
..@@.@@.@@.@@.@@.@@.@@.@@.@@...
...............................
..@@.@@.@@.@@.@@.@@.@@.@@.@@...
...............................
..@@.@@.@@.@@.@@.@@.@@.@@.@@...
...............................
..@@.@@.@@.@@.@@.@@.@@.@@.@@...
...............................
..@@.@@.@@.@@.@@.@@.@@.@@.@@...
...............................
..@@.@@.@@.@@.@@.@@.@@.@@.@@...
...............................
..@@.@@.@@.@@.@@.@@.@@.@@.@@...
...............................
..@@.@@.@@.@@.@@.@@.@@.@@.@@...
...............................
..@@.@@.@@.@@.@@.@@.@@.@@.@@...
...............................
..@@.@@.@@.@@.@@.@@.@@.@@.@@...
...............................
..@@.@@.@@.@@.@@.@@.@@.@@.@@...
...............................
...............................
...............................
26
9 2 19 0
29 17 27 30
27 12 0 21
16 16 10 28
22 0 15 14
0 6 16 0
20 25 0 7
19 1 10 4
27 4 9 5
9 14 0 4
5 19 23 11
17 19 1 15
27 2 11 26
21 15 1 11
11 2 24 25
3 28 19 10
17 2 8 28
13 0 23 6
6 16 20 16
5 7 7 0
28 24 9 16
5 9 23 15
27 14 27 26
17 12 29 20
23 21 15 8
29 6 5 5
