58 88
........................................................................................
........................................................................................
..@@.@@.@@.@@.@@.@@.@@.@@.@@.@@.@@.@@.@@.@@.@@.@@.@@.@@.@@.@@.@@.@@.@@.@@.@@.@@.@@.@@...
........................................................................................
..@@.@@.@@.@@.@@.@@.@@.@@.@@.@@.@@.@@.@@.@@.@@.@@.@@.@@.@@.@@.@@.@@.@@.@@.@@.@@.@@.@@...
........................................................................................
..@@.@@.@@.@@.@@.@@.@@.@@.@@.@@.@@.@@.@@.@@.@@.@@.@@.@@.@@.@@.@@.@@.@@.@@.@@.@@.@@.@@...
........................................................................................
..@@.@@.@@.@@.@@.@@.@@.@@.@@.@@.@@.@@.@@.@@.@@.@@.@@.@@.@@.@@.@@.@@.@@.@@.@@.@@.@@.@@...
........................................................................................
..@@.@@.@@.@@.@@.@@.@@.@@.@@.@@.@@.@@.@@.@@.@@.@@.@@.@@.@@.@@.@@.@@.@@.@@.@@.@@.@@.@@...
........................................................................................
..@@.@@.@@.@@.@@.@@.@@.@@.@@.@@.@@.@@.@@.@@.@@.@@.@@.@@.@@.@@.@@.@@.@@.@@.@@.@@.@@.@@...
........................................................................................
..@@.@@.@@.@@.@@.@@.@@.@@.@@.@@.@@.@@.@@.@@.@@.@@.@@.@@.@@.@@.@@.@@.@@.@@.@@.@@.@@.@@...
........................................................................................
..@@.@@.@@.@@.@@.@@.@@.@@.@@.@@.@@.@@.@@.@@.@@.@@.@@.@@.@@.@@.@@.@@.@@.@@.@@.@@.@@.@@...
........................................................................................
..@@.@@.@@.@@.@@.@@.@@.@@.@@.@@.@@.@@.@@.@@.@@.@@.@@.@@.@@.@@.@@.@@.@@.@@.@@.@@.@@.@@...
........................................................................................
..@@.@@.@@.@@.@@.@@.@@.@@.@@.@@.@@.@@.@@.@@.@@.@@.@@.@@.@@.@@.@@.@@.@@.@@.@@.@@.@@.@@...
........................................................................................
..@@.@@.@@.@@.@@.@@.@@.@@.@@.@@.@@.@@.@@.@@.@@.@@.@@.@@.@@.@@.@@.@@.@@.@@.@@.@@.@@.@@...
........................................................................................
..@@.@@.@@.@@.@@.@@.@@.@@.@@.@@.@@.@@.@@.@@.@@.@@.@@.@@.@@.@@.@@.@@.@@.@@.@@.@@.@@.@@...
........................................................................................
..@@.@@.@@.@@.@@.@@.@@.@@.@@.@@.@@.@@.@@.@@.@@.@@.@@.@@.@@.@@.@@.@@.@@.@@.@@.@@.@@.@@...
........................................................................................
..@@.@@.@@.@@.@@.@@.@@.@@.@@.@@.@@.@@.@@.@@.@@.@@.@@.@@.@@.@@.@@.@@.@@.@@.@@.@@.@@.@@...
........................................................................................
..@@.@@.@@.@@.@@.@@.@@.@@.@@.@@.@@.@@.@@.@@.@@.@@.@@.@@.@@.@@.@@.@@.@@.@@.@@.@@.@@.@@...
........................................................................................
..@@.@@.@@.@@.@@.@@.@@.@@.@@.@@.@@.@@.@@.@@.@@.@@.@@.@@.@@.@@.@@.@@.@@.@@.@@.@@.@@.@@...
........................................................................................
..@@.@@.@@.@@.@@.@@.@@.@@.@@.@@.@@.@@.@@.@@.@@.@@.@@.@@.@@.@@.@@.@@.@@.@@.@@.@@.@@.@@...
........................................................................................
..@@.@@.@@.@@.@@.@@.@@.@@.@@.@@.@@.@@.@@.@@.@@.@@.@@.@@.@@.@@.@@.@@.@@.@@.@@.@@.@@.@@...
........................................................................................
..@@.@@.@@.@@.@@.@@.@@.@@.@@.@@.@@.@@.@@.@@.@@.@@.@@.@@.@@.@@.@@.@@.@@.@@.@@.@@.@@.@@...
........................................................................................
..@@.@@.@@.@@.@@.@@.@@.@@.@@.@@.@@.@@.@@.@@.@@.@@.@@.@@.@@.@@.@@.@@.@@.@@.@@.@@.@@.@@...
........................................................................................
..@@.@@.@@.@@.@@.@@.@@.@@.@@.@@.@@.@@.@@.@@.@@.@@.@@.@@.@@.@@.@@.@@.@@.@@.@@.@@.@@.@@...
........................................................................................
..@@.@@.@@.@@.@@.@@.@@.@@.@@.@@.@@.@@.@@.@@.@@.@@.@@.@@.@@.@@.@@.@@.@@.@@.@@.@@.@@.@@...
........................................................................................
..@@.@@.@@.@@.@@.@@.@@.@@.@@.@@.@@.@@.@@.@@.@@.@@.@@.@@.@@.@@.@@.@@.@@.@@.@@.@@.@@.@@...
........................................................................................
..@@.@@.@@.@@.@@.@@.@@.@@.@@.@@.@@.@@.@@.@@.@@.@@.@@.@@.@@.@@.@@.@@.@@.@@.@@.@@.@@.@@...
........................................................................................
..@@.@@.@@.@@.@@.@@.@@.@@.@@.@@.@@.@@.@@.@@.@@.@@.@@.@@.@@.@@.@@.@@.@@.@@.@@.@@.@@.@@...
........................................................................................
..@@.@@.@@.@@.@@.@@.@@.@@.@@.@@.@@.@@.@@.@@.@@.@@.@@.@@.@@.@@.@@.@@.@@.@@.@@.@@.@@.@@...
........................................................................................
..@@.@@.@@.@@.@@.@@.@@.@@.@@.@@.@@.@@.@@.@@.@@.@@.@@.@@.@@.@@.@@.@@.@@.@@.@@.@@.@@.@@...
........................................................................................
........................................................................................
........................................................................................
35
34 10 1 54
0 25 44 73
25 60 41 73
57 15 16 58
19 21 42 43
49 73 41 67
24 28 13 8
44 16 50 70
13 66 50 43
8 22 53 60
33 66 17 61
25 3 51 15
33 73 42 13
26 22 21 73
23 4 47 81
43 11 41 31
47 71 39 20
17 21 53 48
51 44 14 73
12 76 27 44
28 34 35 0
47 16 12 76
49 60 5 81
34 31 50 67
47 41 22 25
13 15 47 48
24 73 51 33
18 87 56 50
57 9 57 71
6 52 19 67
23 23 0 21
27 4 52 79
19 33 51 54
57 43 25 12
35 37 21 40
