42 28
............................
............................
..@@.@@.@@.@@.@@.@@.@@.@@...
............................
..@@.@@.@@.@@.@@.@@.@@.@@...
............................
..@@.@@.@@.@@.@@.@@.@@.@@...
............................
..@@.@@.@@.@@.@@.@@.@@.@@...
............................
..@@.@@.@@.@@.@@.@@.@@.@@...
............................
..@@.@@.@@.@@.@@.@@.@@.@@...
............................
..@@.@@.@@.@@.@@.@@.@@.@@...
............................
..@@.@@.@@.@@.@@.@@.@@.@@...
............................
..@@.@@.@@.@@.@@.@@.@@.@@...
............................
..@@.@@.@@.@@.@@.@@.@@.@@...
............................
..@@.@@.@@.@@.@@.@@.@@.@@...
............................
..@@.@@.@@.@@.@@.@@.@@.@@...
............................
..@@.@@.@@.@@.@@.@@.@@.@@...
............................
..@@.@@.@@.@@.@@.@@.@@.@@...
............................
..@@.@@.@@.@@.@@.@@.@@.@@...
............................
..@@.@@.@@.@@.@@.@@.@@.@@...
............................
..@@.@@.@@.@@.@@.@@.@@.@@...
............................
..@@.@@.@@.@@.@@.@@.@@.@@...
............................
..@@.@@.@@.@@.@@.@@.@@.@@...
............................
............................
............................
29
12 19 40 5
5 2 25 21
1 24 27 7
4 27 32 10
35 25 9 7
3 0 20 22
8 25 29 6
0 3 27 15
12 22 39 7
39 27 19 4
39 0 11 17
40 9 3 15
3 1 29 15
5 9 40 4
9 1 30 22
37 2 13 26
1 0 19 21
7 4 35 19
41 2 9 14
11 26 29 5
41 3 15 17
1 20 33 8
38 13 2 0
24 10 0 27
17 5 39 24
7 24 40 1
15 13 41 27
19 24 40 3
0 22 36 7
