26 16
................
................
..@@.@@.@@.@@...
................
..@@.@@.@@.@@...
................
..@@.@@.@@.@@...
................
..@@.@@.@@.@@...
................
..@@.@@.@@.@@...
................
..@@.@@.@@.@@...
................
..@@.@@.@@.@@...
................
..@@.@@.@@.@@...
................
..@@.@@.@@.@@...
................
..@@.@@.@@.@@...
................
..@@.@@.@@.@@...
................
................
................
30
3 10 20 14
13 5 9 14
5 15 19 11
7 7 11 15
19 4 22 4
4 10 12 13
22 7 17 0
5 5 4 10
19 15 18 10
17 13 19 2
17 15 13 11
15 2 24 7
24 3 11 8
13 6 24 6
14 0 21 2
20 4 24 8
2 4 15 8
7 12 15 14
3 14 14 1
2 14 6 15
9 11 14 4
9 15 11 7
16 7 22 1
4 7 5 13
5 10 22 0
8 15 15 0
23 15 16 7
11 4 6 13
9 4 23 10
24 1 10 15
