22 31
...............................
...............................
..@@.@@.@@.@@.@@.@@.@@.@@.@@...
...............................
..@@.@@.@@.@@.@@.@@.@@.@@.@@...
...............................
..@@.@@.@@.@@.@@.@@.@@.@@.@@...
...............................
..@@.@@.@@.@@.@@.@@.@@.@@.@@...
...............................
..@@.@@.@@.@@.@@.@@.@@.@@.@@...
...............................
..@@.@@.@@.@@.@@.@@.@@.@@.@@...
...............................
..@@.@@.@@.@@.@@.@@.@@.@@.@@...
...............................
..@@.@@.@@.@@.@@.@@.@@.@@.@@...
...............................
..@@.@@.@@.@@.@@.@@.@@.@@.@@...
...............................
...............................
...............................
28
4 30 0 3
3 21 14 7
9 9 17 20
19 10 13 28
5 24 7 9
4 29 7 11
0 4 21 3
17 20 0 0
1 20 14 22
1 21 18 0
7 6 8 22
21 7 3 21
11 17 0 23
2 28 19 25
10 7 9 21
21 30 0 2
9 1 10 30
7 11 7 26
5 2 11 24
0 24 3 4
9 18 2 30
17 13 8 0
1 18 2 0
5 3 1 22
17 0 17 28
12 22 2 4
17 15 14 0
5 16 15 3
