24 16
................
................
..@@.@@.@@.@@...
................
..@@.@@.@@.@@...
................
..@@.@@.@@.@@...
................
..@@.@@.@@.@@...
................
..@@.@@.@@.@@...
................
..@@.@@.@@.@@...
................
..@@.@@.@@.@@...
................
..@@.@@.@@.@@...
................
..@@.@@.@@.@@...
................
..@@.@@.@@.@@...
................
................
................
23
10 0 14 0
21 13 4 10
9 2 14 7
21 12 5 1
3 11 8 14
0 12 19 5
2 1 3 3
1 2 13 8
12 10 18 4
18 13 15 5
19 15 1 8
4 13 11 9
7 15 17 7
19 11 18 15
3 13 11 11
15 10 13 7
22 8 3 6
3 10 3 14
15 7 22 10
5 12 13 10
14 13 0 5
8 15 5 6
17 5 17 8
