40 7
.......
.......
..@@...
.......
..@@...
.......
..@@...
.......
..@@...
.......
..@@...
.......
..@@...
.......
..@@...
.......
..@@...
.......
..@@...
.......
..@@...
.......
..@@...
.......
..@@...
.......
..@@...
.......
..@@...
.......
..@@...
.......
..@@...
.......
..@@...
.......
..@@...
.......
.......
.......
29
29 2 0 6
14 4 26 6
31 1 36 0
17 6 1 1
3 6 31 0
31 2 33 3
8 4 13 0
18 0 23 4
9 3 34 0
34 4 21 2
27 3 11 6
27 4 5 2
20 1 32 4
29 0 30 4
0 0 18 1
26 0 1 5
23 4 4 5
22 1 32 1
27 2 35 1
10 1 21 3
1 3 0 3
28 0 0 4
10 4 17 0
4 6 39 2
17 3 21 4
21 5 28 5
21 6 7 5
36 4 35 6
0 6 11 4
