30 31
...............................
...............................
..@@.@@.@@.@@.@@.@@.@@.@@.@@...
...............................
..@@.@@.@@.@@.@@.@@.@@.@@.@@...
...............................
..@@.@@.@@.@@.@@.@@.@@.@@.@@...
...............................
..@@.@@.@@.@@.@@.@@.@@.@@.@@...
...............................
..@@.@@.@@.@@.@@.@@.@@.@@.@@...
...............................
..@@.@@.@@.@@.@@.@@.@@.@@.@@...
...............................
..@@.@@.@@.@@.@@.@@.@@.@@.@@...
...............................
..@@.@@.@@.@@.@@.@@.@@.@@.@@...
...............................
..@@.@@.@@.@@.@@.@@.@@.@@.@@...
...............................
..@@.@@.@@.@@.@@.@@.@@.@@.@@...
...............................
..@@.@@.@@.@@.@@.@@.@@.@@.@@...
...............................
..@@.@@.@@.@@.@@.@@.@@.@@.@@...
...............................
..@@.@@.@@.@@.@@.@@.@@.@@.@@...
...............................
...............................
...............................
26
21 5 25 12
22 10 3 19
0 21 21 20
19 5 8 0
24 0 0 2
9 6 28 10
17 1 2 13
1 18 13 2
15 10 6 30
20 7 5 1
16 0 11 18
19 24 19 3
23 13 29 2
27 26 21 22
29 16 1 22
8 25 5 16
23 16 17 10
25 14 17 15
1 24 5 29
15 8 20 16
1 0 28 27
14 7 18 19
29 29 7 30
9 10 24 7
15 12 7 24
26 4 7 0
