22 22
......................
......................
..@@.@@.@@.@@.@@.@@...
......................
..@@.@@.@@.@@.@@.@@...
......................
..@@.@@.@@.@@.@@.@@...
......................
..@@.@@.@@.@@.@@.@@...
......................
..@@.@@.@@.@@.@@.@@...
......................
..@@.@@.@@.@@.@@.@@...
......................
..@@.@@.@@.@@.@@.@@...
......................
..@@.@@.@@.@@.@@.@@...
......................
..@@.@@.@@.@@.@@.@@...
......................
......................
......................
23
8 21 3 2
11 19 1 15
11 12 6 20
13 0 18 10
7 13 3 3
15 20 17 1
4 13 19 0
13 21 5 1
12 4 15 16
7 12 21 2
1 6 21 9
14 21 21 1
13 3 11 17
16 13 14 1
3 1 7 12
13 2 11 15
15 11 19 1
1 12 13 7
17 7 9 1
11 3 1 0
9 7 18 20
19 1 3 16
20 8 7 18
