22 31
...............................
...............................
..@@.@@.@@.@@.@@.@@.@@.@@.@@...
...............................
..@@.@@.@@.@@.@@.@@.@@.@@.@@...
...............................
..@@.@@.@@.@@.@@.@@.@@.@@.@@...
...............................
..@@.@@.@@.@@.@@.@@.@@.@@.@@...
...............................
..@@.@@.@@.@@.@@.@@.@@.@@.@@...
...............................
..@@.@@.@@.@@.@@.@@.@@.@@.@@...
...............................
..@@.@@.@@.@@.@@.@@.@@.@@.@@...
...............................
..@@.@@.@@.@@.@@.@@.@@.@@.@@...
...............................
..@@.@@.@@.@@.@@.@@.@@.@@.@@...
...............................
...............................
...............................
28
13 20 9 6
0 19 6 7
18 28 9 0
11 22 14 4
16 0 19 28
10 10 15 30
7 10 18 16
0 21 7 11
14 22 8 0
8 13 17 25
6 25 7 6
11 24 0 8
13 29 21 4
5 17 7 1
15 15 17 29
15 14 13 29
2 4 13 15
13 16 2 29
20 21 6 0
6 22 21 18
1 14 19 7
16 25 5 0
20 6 16 29
18 19 4 10
7 2 14 10
5 24 17 18
11 21 3 14
13 30 1 5
