26 34
..................................
..................................
..@@.@@.@@.@@.@@.@@.@@.@@.@@.@@...
..................................
..@@.@@.@@.@@.@@.@@.@@.@@.@@.@@...
..................................
..@@.@@.@@.@@.@@.@@.@@.@@.@@.@@...
..................................
..@@.@@.@@.@@.@@.@@.@@.@@.@@.@@...
..................................
..@@.@@.@@.@@.@@.@@.@@.@@.@@.@@...
..................................
..@@.@@.@@.@@.@@.@@.@@.@@.@@.@@...
..................................
..@@.@@.@@.@@.@@.@@.@@.@@.@@.@@...
..................................
..@@.@@.@@.@@.@@.@@.@@.@@.@@.@@...
..................................
..@@.@@.@@.@@.@@.@@.@@.@@.@@.@@...
..................................
..@@.@@.@@.@@.@@.@@.@@.@@.@@.@@...
..................................
..@@.@@.@@.@@.@@.@@.@@.@@.@@.@@...
..................................
..................................
..................................
33
11 3 23 1
16 28 19 1
21 4 19 10
13 16 13 26
24 23 3 31
7 2 1 18
5 25 2 4
3 20 15 27
15 2 25 20
11 23 11 11
1 30 9 0
9 27 7 21
22 13 24 27
5 14 19 19
1 22 7 25
12 28 21 17
12 31 11 10
5 11 14 22
1 4 25 16
8 7 3 19
23 33 23 33
24 16 21 29
24 26 20 28
13 29 24 20
21 21 1 31
19 3 10 0
5 7 7 19
6 31 13 31
9 33 13 29
5 16 23 29
8 22 15 28
23 22 14 33
7 11 22 16
