22 31
...............................
...............................
..@@.@@.@@.@@.@@.@@.@@.@@.@@...
...............................
..@@.@@.@@.@@.@@.@@.@@.@@.@@...
...............................
..@@.@@.@@.@@.@@.@@.@@.@@.@@...
...............................
..@@.@@.@@.@@.@@.@@.@@.@@.@@...
...............................
..@@.@@.@@.@@.@@.@@.@@.@@.@@...
...............................
..@@.@@.@@.@@.@@.@@.@@.@@.@@...
...............................
..@@.@@.@@.@@.@@.@@.@@.@@.@@...
...............................
..@@.@@.@@.@@.@@.@@.@@.@@.@@...
...............................
..@@.@@.@@.@@.@@.@@.@@.@@.@@...
...............................
...............................
...............................
28
11 0 9 17
13 29 0 11
19 22 3 28
9 26 3 13
19 25 20 8
8 19 21 23
13 7 13 25
6 13 19 17
15 18 19 0
21 1 20 15
19 6 1 21
4 16 16 22
6 28 21 8
2 28 18 22
7 30 19 21
5 14 21 4
15 11 8 30
7 19 17 30
1 11 19 18
7 27 7 10
20 23 13 14
0 23 21 24
10 4 20 20
12 16 17 28
5 0 7 17
1 6 13 22
21 2 0 9
17 10 19 30
