28 31
...............................
...............................
..@@.@@.@@.@@.@@.@@.@@.@@.@@...
...............................
..@@.@@.@@.@@.@@.@@.@@.@@.@@...
...............................
..@@.@@.@@.@@.@@.@@.@@.@@.@@...
...............................
..@@.@@.@@.@@.@@.@@.@@.@@.@@...
...............................
..@@.@@.@@.@@.@@.@@.@@.@@.@@...
...............................
..@@.@@.@@.@@.@@.@@.@@.@@.@@...
...............................
..@@.@@.@@.@@.@@.@@.@@.@@.@@...
...............................
..@@.@@.@@.@@.@@.@@.@@.@@.@@...
...............................
..@@.@@.@@.@@.@@.@@.@@.@@.@@...
...............................
..@@.@@.@@.@@.@@.@@.@@.@@.@@...
...............................
..@@.@@.@@.@@.@@.@@.@@.@@.@@...
...............................
..@@.@@.@@.@@.@@.@@.@@.@@.@@...
...............................
...............................
...............................
26
20 16 7 18
11 1 1 0
21 1 0 28
4 28 16 25
17 12 11 14
11 29 17 23
15 29 11 17
7 11 23 4
16 13 11 18
18 13 4 28
21 10 17 4
11 20 18 28
26 17 8 16
0 30 5 25
17 11 14 30
15 30 10 28
26 19 25 21
1 6 1 12
3 23 11 11
26 3 25 10
5 14 19 30
7 14 12 19
9 3 26 27
1 5 19 29
14 16 1 24
17 6 25 0
