28 31
...............................
...............................
..@@.@@.@@.@@.@@.@@.@@.@@.@@...
...............................
..@@.@@.@@.@@.@@.@@.@@.@@.@@...
...............................
..@@.@@.@@.@@.@@.@@.@@.@@.@@...
...............................
..@@.@@.@@.@@.@@.@@.@@.@@.@@...
...............................
..@@.@@.@@.@@.@@.@@.@@.@@.@@...
...............................
..@@.@@.@@.@@.@@.@@.@@.@@.@@...
...............................
..@@.@@.@@.@@.@@.@@.@@.@@.@@...
...............................
..@@.@@.@@.@@.@@.@@.@@.@@.@@...
...............................
..@@.@@.@@.@@.@@.@@.@@.@@.@@...
...............................
..@@.@@.@@.@@.@@.@@.@@.@@.@@...
...............................
..@@.@@.@@.@@.@@.@@.@@.@@.@@...
...............................
..@@.@@.@@.@@.@@.@@.@@.@@.@@...
...............................
...............................
...............................
26
4 7 15 23
7 11 0 15
0 16 0 4
7 18 3 30
11 9 10 22
1 25 12 0
3 8 24 7
15 7 24 29
7 28 3 17
16 13 21 3
9 26 2 19
21 9 24 1
25 21 23 25
27 29 0 11
11 5 27 27
7 4 21 24
26 20 19 1
18 30 21 25
13 23 20 13
7 27 2 25
0 23 21 0
7 19 27 12
11 4 19 12
5 22 9 5
3 9 4 13
20 0 19 11
