6 175
...............................................................................................................................................................................
...............................................................................................................................................................................
..@@.@@.@@.@@.@@.@@.@@.@@.@@.@@.@@.@@.@@.@@.@@.@@.@@.@@.@@.@@.@@.@@.@@.@@.@@.@@.@@.@@.@@.@@.@@.@@.@@.@@.@@.@@.@@.@@.@@.@@.@@.@@.@@.@@.@@.@@.@@.@@.@@.@@.@@.@@.@@.@@.@@.@@.@@...
...............................................................................................................................................................................
...............................................................................................................................................................................
...............................................................................................................................................................................
5
1 36 3 151
5 109 1 78
0 160 3 125
4 15 4 114
4 59 5 81
