14 37
.....................................
.....................................
..@@.@@.@@.@@.@@.@@.@@.@@.@@.@@.@@...
.....................................
..@@.@@.@@.@@.@@.@@.@@.@@.@@.@@.@@...
.....................................
..@@.@@.@@.@@.@@.@@.@@.@@.@@.@@.@@...
.....................................
..@@.@@.@@.@@.@@.@@.@@.@@.@@.@@.@@...
.....................................
..@@.@@.@@.@@.@@.@@.@@.@@.@@.@@.@@...
.....................................
.....................................
.....................................
27
5 36 0 22
3 35 11 7
9 2 7 18
11 13 7 19
7 9 8 19
13 11 12 4
3 30 7 15
3 3 2 4
1 34 0 30
8 4 1 5
5 25 13 29
5 10 4 25
1 0 2 16
12 12 4 31
12 2 13 13
12 4 6 31
0 33 1 11
8 0 10 19
6 35 12 10
11 21 3 17
3 15 12 34
13 12 13 6
3 26 7 17
5 13 11 24
2 35 10 10
4 28 12 15
12 27 4 4
