28 31
...............................
...............................
..@@.@@.@@.@@.@@.@@.@@.@@.@@...
...............................
..@@.@@.@@.@@.@@.@@.@@.@@.@@...
...............................
..@@.@@.@@.@@.@@.@@.@@.@@.@@...
...............................
..@@.@@.@@.@@.@@.@@.@@.@@.@@...
...............................
..@@.@@.@@.@@.@@.@@.@@.@@.@@...
...............................
..@@.@@.@@.@@.@@.@@.@@.@@.@@...
...............................
..@@.@@.@@.@@.@@.@@.@@.@@.@@...
...............................
..@@.@@.@@.@@.@@.@@.@@.@@.@@...
...............................
..@@.@@.@@.@@.@@.@@.@@.@@.@@...
...............................
..@@.@@.@@.@@.@@.@@.@@.@@.@@...
...............................
..@@.@@.@@.@@.@@.@@.@@.@@.@@...
...............................
..@@.@@.@@.@@.@@.@@.@@.@@.@@...
...............................
...............................
...............................
26
9 8 3 15
0 28 23 30
15 24 19 19
7 28 3 5
1 7 27 17
7 15 0 16
0 1 17 22
12 0 26 1
14 29 7 29
5 12 0 27
12 7 27 26
5 26 17 8
17 18 13 19
25 18 2 28
16 4 27 28
19 13 13 6
17 25 7 20
22 28 20 30
3 16 3 22
23 4 6 28
0 10 8 13
5 5 7 24
21 29 19 17
13 19 4 4
25 4 10 16
23 1 9 17
