26 16
................
................
..@@.@@.@@.@@...
................
..@@.@@.@@.@@...
................
..@@.@@.@@.@@...
................
..@@.@@.@@.@@...
................
..@@.@@.@@.@@...
................
..@@.@@.@@.@@...
................
..@@.@@.@@.@@...
................
..@@.@@.@@.@@...
................
..@@.@@.@@.@@...
................
..@@.@@.@@.@@...
................
..@@.@@.@@.@@...
................
................
................
30
4 14 21 12
23 9 21 0
0 6 5 14
25 4 15 14
21 10 18 0
5 3 23 4
0 3 4 15
2 0 22 15
11 4 16 1
1 1 17 0
3 1 10 1
24 8 8 4
8 14 24 4
18 13 10 10
24 10 13 15
7 7 3 13
2 7 9 4
15 4 23 13
15 12 13 13
11 3 11 0
19 14 25 14
0 4 6 14
24 14 0 4
5 7 16 10
16 13 19 9
24 11 10 7
1 9 14 4
22 7 8 15
15 2 5 15
6 10 8 10
