26 16
................
................
..@@.@@.@@.@@...
................
..@@.@@.@@.@@...
................
..@@.@@.@@.@@...
................
..@@.@@.@@.@@...
................
..@@.@@.@@.@@...
................
..@@.@@.@@.@@...
................
..@@.@@.@@.@@...
................
..@@.@@.@@.@@...
................
..@@.@@.@@.@@...
................
..@@.@@.@@.@@...
................
..@@.@@.@@.@@...
................
................
................
30
19 1 11 11
1 1 16 7
13 8 21 8
15 15 13 7
10 4 13 6
19 8 9 14
11 1 16 15
6 13 13 9
15 3 15 14
5 10 7 14
23 1 2 4
10 13 24 15
17 1 5 6
19 12 13 14
24 10 23 13
19 4 15 3
0 14 1 4
12 13 15 5
14 13 3 7
1 0 25 9
17 9 8 13
23 8 1 11
6 1 1 10
15 5 13 13
2 1 23 3
24 3 0 15
5 1 0 13
19 0 10 0
6 15 15 10
8 7 10 10
