24 25
.........................
.........................
..@@.@@.@@.@@.@@.@@.@@...
.........................
..@@.@@.@@.@@.@@.@@.@@...
.........................
..@@.@@.@@.@@.@@.@@.@@...
.........................
..@@.@@.@@.@@.@@.@@.@@...
.........................
..@@.@@.@@.@@.@@.@@.@@...
.........................
..@@.@@.@@.@@.@@.@@.@@...
.........................
..@@.@@.@@.@@.@@.@@.@@...
.........................
..@@.@@.@@.@@.@@.@@.@@...
.........................
..@@.@@.@@.@@.@@.@@.@@...
.........................
..@@.@@.@@.@@.@@.@@.@@...
.........................
.........................
.........................
22
9 11 9 15
21 11 0 22
13 20 9 0
13 4 9 8
10 16 4 24
5 22 7 4
10 4 16 4
23 21 14 22
4 10 12 1
7 11 16 23
21 17 4 22
15 13 3 8
17 12 15 6
9 20 9 9
18 16 11 14
11 15 9 2
3 14 7 18
20 4 3 12
7 5 1 19
11 23 9 6
0 24 9 3
21 22 17 4
