30 52
....................................................
....................................................
..@@.@@.@@.@@.@@.@@.@@.@@.@@.@@.@@.@@.@@.@@.@@.@@...
....................................................
..@@.@@.@@.@@.@@.@@.@@.@@.@@.@@.@@.@@.@@.@@.@@.@@...
....................................................
..@@.@@.@@.@@.@@.@@.@@.@@.@@.@@.@@.@@.@@.@@.@@.@@...
....................................................
..@@.@@.@@.@@.@@.@@.@@.@@.@@.@@.@@.@@.@@.@@.@@.@@...
....................................................
..@@.@@.@@.@@.@@.@@.@@.@@.@@.@@.@@.@@.@@.@@.@@.@@...
....................................................
..@@.@@.@@.@@.@@.@@.@@.@@.@@.@@.@@.@@.@@.@@.@@.@@...
....................................................
..@@.@@.@@.@@.@@.@@.@@.@@.@@.@@.@@.@@.@@.@@.@@.@@...
....................................................
..@@.@@.@@.@@.@@.@@.@@.@@.@@.@@.@@.@@.@@.@@.@@.@@...
....................................................
..@@.@@.@@.@@.@@.@@.@@.@@.@@.@@.@@.@@.@@.@@.@@.@@...
....................................................
..@@.@@.@@.@@.@@.@@.@@.@@.@@.@@.@@.@@.@@.@@.@@.@@...
....................................................
..@@.@@.@@.@@.@@.@@.@@.@@.@@.@@.@@.@@.@@.@@.@@.@@...
....................................................
..@@.@@.@@.@@.@@.@@.@@.@@.@@.@@.@@.@@.@@.@@.@@.@@...
....................................................
..@@.@@.@@.@@.@@.@@.@@.@@.@@.@@.@@.@@.@@.@@.@@.@@...
....................................................
....................................................
....................................................
40
6 1 16 43
11 22 25 29
27 13 9 0
4 34 1 36
0 50 28 5
1 24 24 25
15 44 0 35
23 26 4 19
9 48 17 28
23 10 24 7
24 34 13 1
28 6 9 23
4 40 28 34
8 19 21 17
17 28 24 37
5 12 15 27
7 35 11 25
28 15 0 10
8 7 19 35
17 1 24 22
0 23 17 35
6 40 29 48
20 22 1 23
21 48 9 14
5 42 15 13
11 7 23 39
3 51 23 7
19 10 8 49
1 47 4 16
21 44 13 3
23 35 15 3
13 20 25 23
19 30 5 21
19 16 7 46
15 12 7 47
7 12 20 50
23 14 1 19
11 10 0 47
21 37 12 4
27 16 15 43
