24 16
................
................
..@@.@@.@@.@@...
................
..@@.@@.@@.@@...
................
..@@.@@.@@.@@...
................
..@@.@@.@@.@@...
................
..@@.@@.@@.@@...
................
..@@.@@.@@.@@...
................
..@@.@@.@@.@@...
................
..@@.@@.@@.@@...
................
..@@.@@.@@.@@...
................
..@@.@@.@@.@@...
................
................
................
23
5 7 11 9
3 5 0 3
18 0 2 10
6 15 11 6
9 15 13 1
9 11 12 4
13 6 0 1
23 1 21 5
15 6 23 7
1 3 8 10
0 15 14 4
9 8 20 10
15 8 7 3
23 11 15 5
15 0 13 2
3 8 19 12
20 1 2 1
15 7 17 10
5 1 9 4
10 14 18 0
2 0 15 13
2 15 19 4
7 10 5 4
