28 22
......................
......................
..@@.@@.@@.@@.@@.@@...
......................
..@@.@@.@@.@@.@@.@@...
......................
..@@.@@.@@.@@.@@.@@...
......................
..@@.@@.@@.@@.@@.@@...
......................
..@@.@@.@@.@@.@@.@@...
......................
..@@.@@.@@.@@.@@.@@...
......................
..@@.@@.@@.@@.@@.@@...
......................
..@@.@@.@@.@@.@@.@@...
......................
..@@.@@.@@.@@.@@.@@...
......................
..@@.@@.@@.@@.@@.@@...
......................
..@@.@@.@@.@@.@@.@@...
......................
..@@.@@.@@.@@.@@.@@...
......................
......................
......................
21
11 14 0 21
21 1 19 21
4 20 12 13
17 8 26 19
11 20 19 20
15 20 1 17
24 1 25 0
7 7 1 0
24 19 0 20
21 7 11 10
26 12 17 16
26 2 17 8
20 16 11 12
23 3 11 13
5 9 13 17
11 11 15 21
7 10 26 13
9 2 1 4
1 4 7 12
17 4 18 20
11 1 25 7
