22 16
................
................
..@@.@@.@@.@@...
................
..@@.@@.@@.@@...
................
..@@.@@.@@.@@...
................
..@@.@@.@@.@@...
................
..@@.@@.@@.@@...
................
..@@.@@.@@.@@...
................
..@@.@@.@@.@@...
................
..@@.@@.@@.@@...
................
..@@.@@.@@.@@...
................
................
................
27
9 2 5 15
11 6 0 12
13 8 0 11
3 13 8 7
13 10 13 3
9 6 9 0
19 4 13 15
18 14 9 1
5 12 9 2
12 14 11 6
19 9 4 14
5 2 14 13
14 7 11 8
20 13 3 13
16 4 13 7
0 12 1 14
13 9 11 12
5 3 20 2
0 15 12 14
1 1 12 15
1 12 19 14
20 8 15 11
4 4 9 14
9 1 21 2
5 13 15 10
7 2 1 6
0 14 19 10
