10 34
..................................
..................................
..@@.@@.@@.@@.@@.@@.@@.@@.@@.@@...
..................................
..@@.@@.@@.@@.@@.@@.@@.@@.@@.@@...
..................................
..@@.@@.@@.@@.@@.@@.@@.@@.@@.@@...
..................................
..................................
..................................
24
2 0 1 14
9 2 3 14
1 18 2 4
0 10 6 33
0 29 3 24
0 16 8 1
5 9 1 11
7 28 5 21
8 10 7 20
3 10 6 13
7 24 0 21
9 12 1 21
8 7 7 9
1 20 7 30
5 28 5 20
1 25 3 5
4 10 0 16
1 17 2 19
3 21 9 14
7 25 5 23
3 24 0 5
7 8 7 10
9 3 1 31
3 27 6 0
