30 55
.......................................................
.......................................................
..@@.@@.@@.@@.@@.@@.@@.@@.@@.@@.@@.@@.@@.@@.@@.@@.@@...
.......................................................
..@@.@@.@@.@@.@@.@@.@@.@@.@@.@@.@@.@@.@@.@@.@@.@@.@@...
.......................................................
..@@.@@.@@.@@.@@.@@.@@.@@.@@.@@.@@.@@.@@.@@.@@.@@.@@...
.......................................................
..@@.@@.@@.@@.@@.@@.@@.@@.@@.@@.@@.@@.@@.@@.@@.@@.@@...
.......................................................
..@@.@@.@@.@@.@@.@@.@@.@@.@@.@@.@@.@@.@@.@@.@@.@@.@@...
.......................................................
..@@.@@.@@.@@.@@.@@.@@.@@.@@.@@.@@.@@.@@.@@.@@.@@.@@...
.......................................................
..@@.@@.@@.@@.@@.@@.@@.@@.@@.@@.@@.@@.@@.@@.@@.@@.@@...
.......................................................
..@@.@@.@@.@@.@@.@@.@@.@@.@@.@@.@@.@@.@@.@@.@@.@@.@@...
.......................................................
..@@.@@.@@.@@.@@.@@.@@.@@.@@.@@.@@.@@.@@.@@.@@.@@.@@...
.......................................................
..@@.@@.@@.@@.@@.@@.@@.@@.@@.@@.@@.@@.@@.@@.@@.@@.@@...
.......................................................
..@@.@@.@@.@@.@@.@@.@@.@@.@@.@@.@@.@@.@@.@@.@@.@@.@@...
.......................................................
..@@.@@.@@.@@.@@.@@.@@.@@.@@.@@.@@.@@.@@.@@.@@.@@.@@...
.......................................................
..@@.@@.@@.@@.@@.@@.@@.@@.@@.@@.@@.@@.@@.@@.@@.@@.@@...
.......................................................
.......................................................
.......................................................
40
21 54 19 2
15 32 9 8
11 47 2 34
22 31 11 39
5 14 27 28
12 43 17 31
17 4 1 27
25 44 17 36
7 48 4 0
17 32 29 28
26 37 10 10
7 2 12 22
19 41 2 0
22 46 17 39
28 24 7 7
22 13 15 51
1 3 16 54
14 43 3 33
17 7 17 38
7 3 6 7
1 14 3 8
27 8 29 11
27 52 15 28
21 23 23 49
13 28 12 25
28 44 1 39
21 22 19 0
5 29 11 51
1 49 25 41
1 5 19 13
0 53 5 8
11 30 26 16
18 1 5 11
5 46 15 29
13 19 23 0
22 0 11 24
12 19 19 33
8 0 15 38
9 42 5 15
1 15 18 19
