36 64
................................................................
................................................................
..@@.@@.@@.@@.@@.@@.@@.@@.@@.@@.@@.@@.@@.@@.@@.@@.@@.@@.@@.@@...
................................................................
..@@.@@.@@.@@.@@.@@.@@.@@.@@.@@.@@.@@.@@.@@.@@.@@.@@.@@.@@.@@...
................................................................
..@@.@@.@@.@@.@@.@@.@@.@@.@@.@@.@@.@@.@@.@@.@@.@@.@@.@@.@@.@@...
................................................................
..@@.@@.@@.@@.@@.@@.@@.@@.@@.@@.@@.@@.@@.@@.@@.@@.@@.@@.@@.@@...
................................................................
..@@.@@.@@.@@.@@.@@.@@.@@.@@.@@.@@.@@.@@.@@.@@.@@.@@.@@.@@.@@...
................................................................
..@@.@@.@@.@@.@@.@@.@@.@@.@@.@@.@@.@@.@@.@@.@@.@@.@@.@@.@@.@@...
................................................................
..@@.@@.@@.@@.@@.@@.@@.@@.@@.@@.@@.@@.@@.@@.@@.@@.@@.@@.@@.@@...
................................................................
..@@.@@.@@.@@.@@.@@.@@.@@.@@.@@.@@.@@.@@.@@.@@.@@.@@.@@.@@.@@...
................................................................
..@@.@@.@@.@@.@@.@@.@@.@@.@@.@@.@@.@@.@@.@@.@@.@@.@@.@@.@@.@@...
................................................................
..@@.@@.@@.@@.@@.@@.@@.@@.@@.@@.@@.@@.@@.@@.@@.@@.@@.@@.@@.@@...
................................................................
..@@.@@.@@.@@.@@.@@.@@.@@.@@.@@.@@.@@.@@.@@.@@.@@.@@.@@.@@.@@...
................................................................
..@@.@@.@@.@@.@@.@@.@@.@@.@@.@@.@@.@@.@@.@@.@@.@@.@@.@@.@@.@@...
................................................................
..@@.@@.@@.@@.@@.@@.@@.@@.@@.@@.@@.@@.@@.@@.@@.@@.@@.@@.@@.@@...
................................................................
..@@.@@.@@.@@.@@.@@.@@.@@.@@.@@.@@.@@.@@.@@.@@.@@.@@.@@.@@.@@...
................................................................
..@@.@@.@@.@@.@@.@@.@@.@@.@@.@@.@@.@@.@@.@@.@@.@@.@@.@@.@@.@@...
................................................................
..@@.@@.@@.@@.@@.@@.@@.@@.@@.@@.@@.@@.@@.@@.@@.@@.@@.@@.@@.@@...
................................................................
................................................................
................................................................
59
13 43 0 8
34 6 8 28
23 63 11 9
2 52 33 37
0 27 19 55
27 54 19 6
27 48 21 1
23 3 11 39
29 60 18 1
19 58 15 1
3 28 28 0
19 19 27 60
5 43 22 0
27 47 3 0
16 55 31 11
7 51 11 2
19 61 33 7
1 57 31 13
33 60 13 4
27 29 5 0
22 0 31 62
23 8 0 33
27 33 5 9
29 45 14 1
32 37 5 17
27 9 25 55
31 2 23 46
10 49 26 19
19 20 30 55
13 6 21 51
29 10 10 52
7 50 3 1
11 51 21 12
9 29 26 1
30 55 1 13
19 51 3 7
34 37 21 0
10 34 23 1
9 52 35 14
35 21 7 55
0 33 27 11
17 20 26 58
23 58 27 13
33 31 1 48
33 56 25 0
34 26 11 59
35 29 2 4
31 6 27 51
5 19 16 62
22 40 7 6
33 3 3 56
8 34 35 12
17 47 31 12
3 60 35 0
1 38 32 52
11 0 3 60
25 54 5 22
20 16 2 43
15 4 23 62
