19 178
..................................................................................................................................................................................
..................................................................................................................................................................................
..@@....@@....@@....@@....@@....@@....@@....@@....@@....@@....@@....@@....@@....@@....@@....@@....@@....@@....@@....@@....@@....@@....@@....@@....@@....@@....@@....@@....@@......
..................................................................................................................................................................................
..................................................................................................................................................................................
..................................................................................................................................................................................
..................................................................................................................................................................................
..@@....@@....@@....@@....@@....@@....@@....@@....@@....@@....@@....@@....@@....@@....@@....@@....@@....@@....@@....@@....@@....@@....@@....@@....@@....@@....@@....@@....@@......
..................................................................................................................................................................................
..................................................................................................................................................................................
..................................................................................................................................................................................
..................................................................................................................................................................................
..@@....@@....@@....@@....@@....@@....@@....@@....@@....@@....@@....@@....@@....@@....@@....@@....@@....@@....@@....@@....@@....@@....@@....@@....@@....@@....@@....@@....@@......
..................................................................................................................................................................................
..................................................................................................................................................................................
..................................................................................................................................................................................
..................................................................................................................................................................................
..................................................................................................................................................................................
..................................................................................................................................................................................
22
11 143 0 40
9 32 13 141
4 7 11 142
4 141 7 23
13 69 15 175
13 66 3 168
1 151 0 49
11 121 4 10
17 156 9 25
5 144 17 36
13 115 18 18
10 33 15 143
12 131 16 6
10 123 3 21
5 40 8 166
14 93 2 0
0 108 1 0
12 127 14 16
7 49 17 163
5 156 15 18
10 155 4 2
12 13 7 126
