24 19
...................
...................
..@@.@@.@@.@@.@@...
...................
..@@.@@.@@.@@.@@...
...................
..@@.@@.@@.@@.@@...
...................
..@@.@@.@@.@@.@@...
...................
..@@.@@.@@.@@.@@...
...................
..@@.@@.@@.@@.@@...
...................
..@@.@@.@@.@@.@@...
...................
..@@.@@.@@.@@.@@...
...................
..@@.@@.@@.@@.@@...
...................
..@@.@@.@@.@@.@@...
...................
...................
...................
26
17 11 5 12
9 9 21 8
18 1 0 16
4 4 0 14
14 17 9 4
10 4 9 15
13 12 15 4
21 0 9 17
14 1 19 16
5 4 9 18
21 6 5 6
10 0 22 15
15 15 9 2
22 14 15 13
17 15 12 10
0 16 4 4
14 16 7 6
13 13 2 1
4 18 9 7
5 12 1 0
1 17 16 4
22 7 21 13
17 10 17 2
6 7 23 1
7 15 17 1
1 0 1 9
