22 31
...............................
...............................
..@@.@@.@@.@@.@@.@@.@@.@@.@@...
...............................
..@@.@@.@@.@@.@@.@@.@@.@@.@@...
...............................
..@@.@@.@@.@@.@@.@@.@@.@@.@@...
...............................
..@@.@@.@@.@@.@@.@@.@@.@@.@@...
...............................
..@@.@@.@@.@@.@@.@@.@@.@@.@@...
...............................
..@@.@@.@@.@@.@@.@@.@@.@@.@@...
...............................
..@@.@@.@@.@@.@@.@@.@@.@@.@@...
...............................
..@@.@@.@@.@@.@@.@@.@@.@@.@@...
...............................
..@@.@@.@@.@@.@@.@@.@@.@@.@@...
...............................
...............................
...............................
28
8 29 1 0
11 27 3 16
11 18 3 4
13 0 4 13
7 19 21 3
15 28 21 13
13 30 16 4
7 18 14 1
1 9 7 18
13 4 16 25
3 1 1 29
14 29 20 12
3 3 11 22
21 1 10 22
19 27 1 3
19 2 9 22
0 7 17 4
13 11 11 28
9 1 0 13
21 7 18 22
14 1 4 22
15 15 3 23
1 17 14 13
17 10 2 4
11 4 1 21
9 10 6 29
19 1 3 9
20 11 7 2
