32 10
..........
..........
..@@.@@...
..........
..@@.@@...
..........
..@@.@@...
..........
..@@.@@...
..........
..@@.@@...
..........
..@@.@@...
..........
..@@.@@...
..........
..@@.@@...
..........
..@@.@@...
..........
..@@.@@...
..........
..@@.@@...
..........
..@@.@@...
..........
..@@.@@...
..........
..@@.@@...
..........
..........
..........
20
22 7 16 9
20 1 25 8
30 1 23 8
27 0 0 5
9 4 29 3
29 9 25 0
11 5 11 4
17 7 22 8
21 2 11 2
20 8 27 8
3 3 27 1
6 7 30 6
19 1 2 1
1 3 15 7
0 0 30 0
3 6 29 9
14 9 30 9
21 5 21 3
13 4 7 2
11 0 13 7
