44 16
................
................
..@@.@@.@@.@@...
................
..@@.@@.@@.@@...
................
..@@.@@.@@.@@...
................
..@@.@@.@@.@@...
................
..@@.@@.@@.@@...
................
..@@.@@.@@.@@...
................
..@@.@@.@@.@@...
................
..@@.@@.@@.@@...
................
..@@.@@.@@.@@...
................
..@@.@@.@@.@@...
................
..@@.@@.@@.@@...
................
..@@.@@.@@.@@...
................
..@@.@@.@@.@@...
................
..@@.@@.@@.@@...
................
..@@.@@.@@.@@...
................
..@@.@@.@@.@@...
................
..@@.@@.@@.@@...
................
..@@.@@.@@.@@...
................
..@@.@@.@@.@@...
................
..@@.@@.@@.@@...
................
................
................
29
9 15 35 4
3 10 42 6
6 15 42 2
43 2 5 11
0 0 35 14
0 8 38 4
29 7 0 15
10 14 41 4
1 7 42 8
0 2 33 15
17 2 42 14
42 7 11 1
11 13 36 0
31 12 0 1
36 1 5 12
27 10 0 0
39 13 5 0
0 4 41 15
42 1 9 12
1 0 33 13
5 0 34 13
1 5 33 14
3 2 30 15
34 0 4 15
7 5 42 12
11 9 39 0
35 5 0 10
3 4 43 3
5 13 43 15
