26 16
................
................
..@@.@@.@@.@@...
................
..@@.@@.@@.@@...
................
..@@.@@.@@.@@...
................
..@@.@@.@@.@@...
................
..@@.@@.@@.@@...
................
..@@.@@.@@.@@...
................
..@@.@@.@@.@@...
................
..@@.@@.@@.@@...
................
..@@.@@.@@.@@...
................
..@@.@@.@@.@@...
................
..@@.@@.@@.@@...
................
................
................
30
19 1 2 15
9 7 15 5
8 0 18 7
20 4 13 13
11 10 7 11
5 9 21 3
11 11 11 15
17 13 19 15
13 2 11 13
18 14 1 1
0 1 3 2
17 15 23 6
16 14 20 15
15 4 22 14
17 12 13 15
0 13 0 5
0 8 0 4
11 1 17 6
25 9 0 14
13 3 13 2
14 0 12 10
5 0 22 0
6 14 7 9
9 8 4 15
23 10 17 7
3 2 23 7
11 5 0 12
14 4 13 3
23 13 21 12
0 9 8 7
