22 22
......................
......................
..@@.@@.@@.@@.@@.@@...
......................
..@@.@@.@@.@@.@@.@@...
......................
..@@.@@.@@.@@.@@.@@...
......................
..@@.@@.@@.@@.@@.@@...
......................
..@@.@@.@@.@@.@@.@@...
......................
..@@.@@.@@.@@.@@.@@...
......................
..@@.@@.@@.@@.@@.@@...
......................
..@@.@@.@@.@@.@@.@@...
......................
..@@.@@.@@.@@.@@.@@...
......................
......................
......................
23
7 19 9 7
0 20 15 14
3 2 11 20
17 2 7 7
13 0 4 19
15 0 6 13
2 10 13 15
17 4 3 6
14 20 9 8
9 19 17 11
21 5 9 11
5 8 21 6
1 20 15 1
17 3 8 16
19 8 1 6
16 20 21 12
17 0 15 11
19 16 11 21
15 9 11 19
13 12 4 21
5 13 21 18
21 13 15 3
9 6 1 12
