20 43
...........................................
...........................................
..@@.@@.@@.@@.@@.@@.@@.@@.@@.@@.@@.@@.@@...
...........................................
..@@.@@.@@.@@.@@.@@.@@.@@.@@.@@.@@.@@.@@...
...........................................
..@@.@@.@@.@@.@@.@@.@@.@@.@@.@@.@@.@@.@@...
...........................................
..@@.@@.@@.@@.@@.@@.@@.@@.@@.@@.@@.@@.@@...
...........................................
..@@.@@.@@.@@.@@.@@.@@.@@.@@.@@.@@.@@.@@...
...........................................
..@@.@@.@@.@@.@@.@@.@@.@@.@@.@@.@@.@@.@@...
...........................................
..@@.@@.@@.@@.@@.@@.@@.@@.@@.@@.@@.@@.@@...
...........................................
..@@.@@.@@.@@.@@.@@.@@.@@.@@.@@.@@.@@.@@...
...........................................
...........................................
...........................................
40
7 25 18 8
10 42 0 22
10 28 9 11
9 16 15 3
0 27 17 10
13 16 1 25
7 28 16 0
11 19 5 42
9 28 4 13
5 2 19 9
14 4 15 24
10 31 11 3
1 40 15 7
7 22 19 27
18 35 11 15
13 17 2 41
11 10 1 30
8 16 18 5
18 40 1 28
13 14 19 30
1 24 2 40
0 10 14 41
15 12 1 2
15 20 4 31
15 18 9 37
12 34 1 21
11 2 15 38
1 39 19 2
2 19 9 36
3 40 13 3
13 2 18 33
15 42 3 12
3 6 5 21
18 16 5 29
3 23 17 40
16 40 15 11
6 19 17 41
5 10 5 38
0 24 18 4
17 8 14 22
