20 43
...........................................
...........................................
..@@.@@.@@.@@.@@.@@.@@.@@.@@.@@.@@.@@.@@...
...........................................
..@@.@@.@@.@@.@@.@@.@@.@@.@@.@@.@@.@@.@@...
...........................................
..@@.@@.@@.@@.@@.@@.@@.@@.@@.@@.@@.@@.@@...
...........................................
..@@.@@.@@.@@.@@.@@.@@.@@.@@.@@.@@.@@.@@...
...........................................
..@@.@@.@@.@@.@@.@@.@@.@@.@@.@@.@@.@@.@@...
...........................................
..@@.@@.@@.@@.@@.@@.@@.@@.@@.@@.@@.@@.@@...
...........................................
..@@.@@.@@.@@.@@.@@.@@.@@.@@.@@.@@.@@.@@...
...........................................
..@@.@@.@@.@@.@@.@@.@@.@@.@@.@@.@@.@@.@@...
...........................................
...........................................
...........................................
40
11 32 3 19
19 30 7 38
18 11 0 38
11 1 10 42
0 5 12 37
5 16 5 40
9 37 15 20
13 38 6 16
13 22 19 0
7 4 7 39
18 4 18 37
3 21 18 28
17 25 18 1
6 13 18 2
3 32 19 9
18 2 7 17
14 13 0 39
7 16 3 40
2 25 17 16
11 16 5 29
8 16 15 41
8 28 13 1
19 8 0 20
16 7 19 23
17 23 7 8
1 0 19 12
4 34 2 16
19 34 8 19
15 28 12 42
3 2 3 34
18 24 18 41
19 33 17 0
10 7 19 32
3 23 10 13
15 18 9 2
18 13 3 5
2 37 12 28
11 25 0 6
15 34 5 24
19 20 0 4
