28 22
......................
......................
..@@.@@.@@.@@.@@.@@...
......................
..@@.@@.@@.@@.@@.@@...
......................
..@@.@@.@@.@@.@@.@@...
......................
..@@.@@.@@.@@.@@.@@...
......................
..@@.@@.@@.@@.@@.@@...
......................
..@@.@@.@@.@@.@@.@@...
......................
..@@.@@.@@.@@.@@.@@...
......................
..@@.@@.@@.@@.@@.@@...
......................
..@@.@@.@@.@@.@@.@@...
......................
..@@.@@.@@.@@.@@.@@...
......................
..@@.@@.@@.@@.@@.@@...
......................
..@@.@@.@@.@@.@@.@@...
......................
......................
......................
21
21 6 25 15
0 12 27 7
7 12 19 7
11 6 9 3
1 17 19 6
3 5 0 11
15 5 0 2
7 20 3 21
9 18 11 21
10 10 20 16
16 16 24 4
7 19 27 21
6 10 24 20
21 2 3 12
0 16 11 3
7 13 7 2
11 2 26 13
5 15 18 20
3 6 15 16
20 0 24 0
7 7 20 21
