14 34
..................................
..................................
..@@.@@.@@.@@.@@.@@.@@.@@.@@.@@...
..................................
..@@.@@.@@.@@.@@.@@.@@.@@.@@.@@...
..................................
..@@.@@.@@.@@.@@.@@.@@.@@.@@.@@...
..................................
..@@.@@.@@.@@.@@.@@.@@.@@.@@.@@...
..................................
..@@.@@.@@.@@.@@.@@.@@.@@.@@.@@...
..................................
..................................
..................................
19
3 6 8 33
4 16 5 14
9 19 1 16
1 31 9 8
7 6 11 8
5 27 3 3
5 22 0 4
7 28 1 18
13 15 6 22
10 28 1 9
7 21 7 5
5 19 0 23
11 23 0 19
9 0 7 7
2 33 9 2
1 6 13 28
6 0 6 25
9 21 12 2
1 24 1 7
