18 82
..................................................................................
..................................................................................
..@@.@@.@@.@@.@@.@@.@@.@@.@@.@@.@@.@@.@@.@@.@@.@@.@@.@@.@@.@@.@@.@@.@@.@@.@@.@@...
..................................................................................
..@@.@@.@@.@@.@@.@@.@@.@@.@@.@@.@@.@@.@@.@@.@@.@@.@@.@@.@@.@@.@@.@@.@@.@@.@@.@@...
..................................................................................
..@@.@@.@@.@@.@@.@@.@@.@@.@@.@@.@@.@@.@@.@@.@@.@@.@@.@@.@@.@@.@@.@@.@@.@@.@@.@@...
..................................................................................
..@@.@@.@@.@@.@@.@@.@@.@@.@@.@@.@@.@@.@@.@@.@@.@@.@@.@@.@@.@@.@@.@@.@@.@@.@@.@@...
..................................................................................
..@@.@@.@@.@@.@@.@@.@@.@@.@@.@@.@@.@@.@@.@@.@@.@@.@@.@@.@@.@@.@@.@@.@@.@@.@@.@@...
..................................................................................
..@@.@@.@@.@@.@@.@@.@@.@@.@@.@@.@@.@@.@@.@@.@@.@@.@@.@@.@@.@@.@@.@@.@@.@@.@@.@@...
..................................................................................
..@@.@@.@@.@@.@@.@@.@@.@@.@@.@@.@@.@@.@@.@@.@@.@@.@@.@@.@@.@@.@@.@@.@@.@@.@@.@@...
..................................................................................
..................................................................................
..................................................................................
34
0 37 10 22
9 29 11 47
0 76 7 36
7 53 9 45
7 41 13 31
1 58 1 20
16 15 13 35
13 58 1 51
5 77 0 56
15 32 3 0
13 28 0 4
9 9 12 46
0 14 11 77
2 22 2 58
3 52 12 4
8 19 0 43
11 44 13 33
5 34 3 41
5 64 10 70
15 15 3 46
3 71 12 19
4 67 11 68
6 4 16 68
7 26 14 76
7 36 2 49
11 68 16 67
17 0 13 27
9 30 7 21
0 31 15 74
15 8 1 42
11 17 6 25
15 59 3 61
5 42 14 43
5 18 11 56
