24 19
...................
...................
..@@.@@.@@.@@.@@...
...................
..@@.@@.@@.@@.@@...
...................
..@@.@@.@@.@@.@@...
...................
..@@.@@.@@.@@.@@...
...................
..@@.@@.@@.@@.@@...
...................
..@@.@@.@@.@@.@@...
...................
..@@.@@.@@.@@.@@...
...................
..@@.@@.@@.@@.@@...
...................
..@@.@@.@@.@@.@@...
...................
..@@.@@.@@.@@.@@...
...................
...................
...................
25
10 0 22 12
9 2 3 3
21 15 13 9
3 13 18 4
0 14 15 6
1 3 1 10
19 17 17 9
7 17 18 18
18 10 11 13
19 13 10 13
3 15 15 12
22 9 13 11
6 13 13 8
14 0 7 10
11 10 1 2
3 7 1 1
3 17 10 1
0 13 20 17
3 12 0 6
15 8 5 8
5 15 17 10
14 16 8 4
8 18 5 2
17 7 8 17
21 16 19 6
