30 31
...............................
...............................
..@@.@@.@@.@@.@@.@@.@@.@@.@@...
...............................
..@@.@@.@@.@@.@@.@@.@@.@@.@@...
...............................
..@@.@@.@@.@@.@@.@@.@@.@@.@@...
...............................
..@@.@@.@@.@@.@@.@@.@@.@@.@@...
...............................
..@@.@@.@@.@@.@@.@@.@@.@@.@@...
...............................
..@@.@@.@@.@@.@@.@@.@@.@@.@@...
...............................
..@@.@@.@@.@@.@@.@@.@@.@@.@@...
...............................
..@@.@@.@@.@@.@@.@@.@@.@@.@@...
...............................
..@@.@@.@@.@@.@@.@@.@@.@@.@@...
...............................
..@@.@@.@@.@@.@@.@@.@@.@@.@@...
...............................
..@@.@@.@@.@@.@@.@@.@@.@@.@@...
...............................
..@@.@@.@@.@@.@@.@@.@@.@@.@@...
...............................
..@@.@@.@@.@@.@@.@@.@@.@@.@@...
...............................
...............................
...............................
26
0 23 19 22
4 10 19 9
7 18 15 28
26 30 17 8
9 27 21 14
25 20 1 4
22 7 5 0
0 9 19 28
3 24 14 7
13 22 4 16
19 7 3 23
15 6 28 10
9 1 0 27
9 20 5 25
25 10 5 29
6 13 23 24
8 1 7 30
7 6 19 23
15 19 26 1
0 19 11 14
25 5 17 3
4 28 20 29
9 6 28 2
18 4 2 16
15 18 6 7
1 16 19 15
