26 16
................
................
..@@.@@.@@.@@...
................
..@@.@@.@@.@@...
................
..@@.@@.@@.@@...
................
..@@.@@.@@.@@...
................
..@@.@@.@@.@@...
................
..@@.@@.@@.@@...
................
..@@.@@.@@.@@...
................
..@@.@@.@@.@@...
................
..@@.@@.@@.@@...
................
..@@.@@.@@.@@...
................
..@@.@@.@@.@@...
................
................
................
30
11 1 23 15
7 5 23 13
16 13 15 13
21 2 14 15
13 7 22 7
24 11 19 0
7 1 19 4
5 11 13 12
3 9 3 14
15 1 1 8
8 14 2 1
9 12 24 7
11 11 15 12
1 14 25 9
22 14 11 5
5 6 9 0
1 10 24 13
14 14 2 7
12 13 19 8
12 14 7 12
5 5 21 8
1 2 11 4
24 12 13 14
14 10 25 7
6 14 21 10
9 15 19 1
5 7 23 0
8 10 7 10
8 13 20 13
23 10 13 15
