30 13
.............
.............
..@@.@@.@@...
.............
..@@.@@.@@...
.............
..@@.@@.@@...
.............
..@@.@@.@@...
.............
..@@.@@.@@...
.............
..@@.@@.@@...
.............
..@@.@@.@@...
.............
..@@.@@.@@...
.............
..@@.@@.@@...
.............
..@@.@@.@@...
.............
..@@.@@.@@...
.............
..@@.@@.@@...
.............
..@@.@@.@@...
.............
.............
.............
18
17 8 25 10
18 4 17 10
0 1 24 7
13 3 5 7
29 7 3 6
10 7 6 10
25 2 25 2
6 4 12 11
9 12 24 12
9 10 0 10
12 12 12 7
25 9 1 2
3 5 17 5
12 0 17 6
13 12 13 7
27 3 11 12
10 0 22 4
29 9 8 11
