26 34
..................................
..................................
..@@.@@.@@.@@.@@.@@.@@.@@.@@.@@...
..................................
..@@.@@.@@.@@.@@.@@.@@.@@.@@.@@...
..................................
..@@.@@.@@.@@.@@.@@.@@.@@.@@.@@...
..................................
..@@.@@.@@.@@.@@.@@.@@.@@.@@.@@...
..................................
..@@.@@.@@.@@.@@.@@.@@.@@.@@.@@...
..................................
..@@.@@.@@.@@.@@.@@.@@.@@.@@.@@...
..................................
..@@.@@.@@.@@.@@.@@.@@.@@.@@.@@...
..................................
..@@.@@.@@.@@.@@.@@.@@.@@.@@.@@...
..................................
..@@.@@.@@.@@.@@.@@.@@.@@.@@.@@...
..................................
..@@.@@.@@.@@.@@.@@.@@.@@.@@.@@...
..................................
..@@.@@.@@.@@.@@.@@.@@.@@.@@.@@...
..................................
..................................
..................................
33
5 31 13 10
17 26 21 14
3 20 17 5
19 17 25 22
13 11 19 17
16 1 13 7
7 19 3 16
24 33 24 12
16 22 3 33
1 10 13 18
1 1 2 19
21 25 0 3
13 14 21 3
16 28 21 11
25 23 3 17
16 10 11 26
12 19 17 16
22 13 11 11
19 3 23 26
10 1 11 31
19 16 22 19
17 6 0 7
5 18 23 3
5 25 19 1
0 8 1 22
15 11 24 17
21 20 13 13
11 27 25 13
2 7 9 12
11 6 15 16
17 30 7 28
3 7 7 11
8 10 3 27
