22 43
...........................................
...........................................
..@@.@@.@@.@@.@@.@@.@@.@@.@@.@@.@@.@@.@@...
...........................................
..@@.@@.@@.@@.@@.@@.@@.@@.@@.@@.@@.@@.@@...
...........................................
..@@.@@.@@.@@.@@.@@.@@.@@.@@.@@.@@.@@.@@...
...........................................
..@@.@@.@@.@@.@@.@@.@@.@@.@@.@@.@@.@@.@@...
...........................................
..@@.@@.@@.@@.@@.@@.@@.@@.@@.@@.@@.@@.@@...
...........................................
..@@.@@.@@.@@.@@.@@.@@.@@.@@.@@.@@.@@.@@...
...........................................
..@@.@@.@@.@@.@@.@@.@@.@@.@@.@@.@@.@@.@@...
...........................................
..@@.@@.@@.@@.@@.@@.@@.@@.@@.@@.@@.@@.@@...
...........................................
..@@.@@.@@.@@.@@.@@.@@.@@.@@.@@.@@.@@.@@...
...........................................
...........................................
...........................................
34
0 38 15 35
11 21 17 28
15 42 20 27
15 39 13 12
21 37 9 4
8 7 1 7
21 10 13 36
0 16 7 11
5 25 2 13
2 16 0 6
15 38 18 25
8 28 21 24
16 41 12 13
2 19 0 35
7 7 1 13
18 42 8 19
1 19 3 5
7 16 7 1
21 4 1 22
11 28 7 18
0 10 0 3
1 28 1 12
1 27 17 8
3 8 21 33
9 35 17 27
5 27 7 3
11 2 15 42
17 13 14 41
20 35 17 39
17 28 21 26
21 9 11 38
13 2 0 22
17 20 1 14
3 31 9 23
