50 28
............................
............................
..@@.@@.@@.@@.@@.@@.@@.@@...
............................
..@@.@@.@@.@@.@@.@@.@@.@@...
............................
..@@.@@.@@.@@.@@.@@.@@.@@...
............................
..@@.@@.@@.@@.@@.@@.@@.@@...
............................
..@@.@@.@@.@@.@@.@@.@@.@@...
............................
..@@.@@.@@.@@.@@.@@.@@.@@...
............................
..@@.@@.@@.@@.@@.@@.@@.@@...
............................
..@@.@@.@@.@@.@@.@@.@@.@@...
............................
..@@.@@.@@.@@.@@.@@.@@.@@...
............................
..@@.@@.@@.@@.@@.@@.@@.@@...
............................
..@@.@@.@@.@@.@@.@@.@@.@@...
............................
..@@.@@.@@.@@.@@.@@.@@.@@...
............................
..@@.@@.@@.@@.@@.@@.@@.@@...
............................
..@@.@@.@@.@@.@@.@@.@@.@@...
............................
..@@.@@.@@.@@.@@.@@.@@.@@...
............................
..@@.@@.@@.@@.@@.@@.@@.@@...
............................
..@@.@@.@@.@@.@@.@@.@@.@@...
............................
..@@.@@.@@.@@.@@.@@.@@.@@...
............................
..@@.@@.@@.@@.@@.@@.@@.@@...
............................
..@@.@@.@@.@@.@@.@@.@@.@@...
............................
..@@.@@.@@.@@.@@.@@.@@.@@...
............................
..@@.@@.@@.@@.@@.@@.@@.@@...
............................
..@@.@@.@@.@@.@@.@@.@@.@@...
............................
............................
............................
42
11 8 45 1
43 25 11 4
13 4 0 19
11 9 40 26
0 8 41 26
37 19 25 2
3 22 35 14
3 21 47 25
26 7 5 16
23 7 47 21
49 27 11 11
48 8 31 19
15 7 40 13
1 23 28 16
17 20 38 13
3 26 39 18
40 19 10 22
13 13 45 20
9 26 0 6
12 19 38 16
31 22 3 2
32 10 5 23
3 16 23 4
35 3 9 7
34 19 0 20
40 4 23 17
48 6 26 16
47 26 24 19
37 21 21 0
6 13 48 0
0 1 31 23
33 12 0 27
7 22 35 12
28 25 22 0
37 22 6 22
19 20 4 7
33 3 0 8
39 22 0 2
12 16 40 27
19 0 1 15
8 10 39 27
21 4 5 24
