30 52
....................................................
....................................................
..@@.@@.@@.@@.@@.@@.@@.@@.@@.@@.@@.@@.@@.@@.@@.@@...
....................................................
..@@.@@.@@.@@.@@.@@.@@.@@.@@.@@.@@.@@.@@.@@.@@.@@...
....................................................
..@@.@@.@@.@@.@@.@@.@@.@@.@@.@@.@@.@@.@@.@@.@@.@@...
....................................................
..@@.@@.@@.@@.@@.@@.@@.@@.@@.@@.@@.@@.@@.@@.@@.@@...
....................................................
..@@.@@.@@.@@.@@.@@.@@.@@.@@.@@.@@.@@.@@.@@.@@.@@...
....................................................
..@@.@@.@@.@@.@@.@@.@@.@@.@@.@@.@@.@@.@@.@@.@@.@@...
....................................................
..@@.@@.@@.@@.@@.@@.@@.@@.@@.@@.@@.@@.@@.@@.@@.@@...
....................................................
..@@.@@.@@.@@.@@.@@.@@.@@.@@.@@.@@.@@.@@.@@.@@.@@...
....................................................
..@@.@@.@@.@@.@@.@@.@@.@@.@@.@@.@@.@@.@@.@@.@@.@@...
....................................................
..@@.@@.@@.@@.@@.@@.@@.@@.@@.@@.@@.@@.@@.@@.@@.@@...
....................................................
..@@.@@.@@.@@.@@.@@.@@.@@.@@.@@.@@.@@.@@.@@.@@.@@...
....................................................
..@@.@@.@@.@@.@@.@@.@@.@@.@@.@@.@@.@@.@@.@@.@@.@@...
....................................................
..@@.@@.@@.@@.@@.@@.@@.@@.@@.@@.@@.@@.@@.@@.@@.@@...
....................................................
....................................................
....................................................
40
11 48 15 32
23 13 21 50
19 12 11 39
1 26 1 48
1 10 28 15
15 25 2 49
19 22 15 24
29 33 27 40
14 25 0 25
25 43 28 12
2 31 3 0
25 4 2 51
11 31 13 0
3 10 9 30
19 42 25 10
0 14 20 46
3 17 21 18
17 36 17 41
15 18 11 2
0 6 19 25
29 16 0 32
25 25 11 11
19 15 4 1
17 45 0 33
9 2 22 46
19 8 3 48
19 41 27 6
29 32 4 10
15 13 17 28
9 47 25 39
4 1 4 19
28 5 25 2
4 31 11 25
13 31 13 31
17 17 25 38
3 36 7 23
9 30 13 5
15 21 27 22
16 40 13 39
28 43 0 12
