26 16
................
................
..@@.@@.@@.@@...
................
..@@.@@.@@.@@...
................
..@@.@@.@@.@@...
................
..@@.@@.@@.@@...
................
..@@.@@.@@.@@...
................
..@@.@@.@@.@@...
................
..@@.@@.@@.@@...
................
..@@.@@.@@.@@...
................
..@@.@@.@@.@@...
................
..@@.@@.@@.@@...
................
..@@.@@.@@.@@...
................
................
................
30
1 0 2 14
5 2 3 12
15 6 11 10
20 10 6 10
13 9 13 1
18 14 19 14
19 6 25 7
2 10 21 2
9 8 25 8
25 13 14 0
9 10 19 5
1 14 8 7
7 11 21 13
25 0 0 9
2 13 1 9
9 11 17 4
18 13 11 4
0 14 20 13
10 0 24 6
20 0 9 15
10 4 15 11
7 5 1 6
24 9 22 7
19 2 0 3
5 4 1 11
20 14 24 15
25 1 13 12
12 1 0 4
5 1 1 14
2 15 17 13
