40 7
.......
.......
..@@...
.......
..@@...
.......
..@@...
.......
..@@...
.......
..@@...
.......
..@@...
.......
..@@...
.......
..@@...
.......
..@@...
.......
..@@...
.......
..@@...
.......
..@@...
.......
..@@...
.......
..@@...
.......
..@@...
.......
..@@...
.......
..@@...
.......
..@@...
.......
.......
.......
29
1 4 13 0
8 0 5 5
31 5 17 6
6 5 10 1
20 6 20 0
29 0 30 4
28 6 28 5
29 6 39 1
4 0 31 2
14 4 32 4
39 5 39 2
15 5 2 4
14 5 21 4
11 6 29 5
38 3 33 4
10 1 0 6
14 6 26 4
28 5 17 2
15 3 32 0
30 5 37 3
15 4 15 2
24 1 2 0
2 6 13 3
37 5 38 2
8 1 21 1
32 0 0 3
38 4 2 6
18 4 27 3
7 6 15 4
