24 19
...................
...................
..@@.@@.@@.@@.@@...
...................
..@@.@@.@@.@@.@@...
...................
..@@.@@.@@.@@.@@...
...................
..@@.@@.@@.@@.@@...
...................
..@@.@@.@@.@@.@@...
...................
..@@.@@.@@.@@.@@...
...................
..@@.@@.@@.@@.@@...
...................
..@@.@@.@@.@@.@@...
...................
..@@.@@.@@.@@.@@...
...................
..@@.@@.@@.@@.@@...
...................
...................
...................
26
15 12 13 18
22 14 12 0
18 17 9 5
8 1 21 12
13 15 10 0
0 16 4 10
20 1 18 16
17 18 15 5
14 0 16 16
3 14 15 13
5 6 23 12
22 11 14 18
11 4 8 17
5 3 13 1
17 15 17 0
3 15 11 18
15 16 22 9
20 18 3 12
15 1 10 4
21 10 18 4
7 3 1 15
15 13 16 4
1 1 2 0
1 14 8 7
2 18 17 12
16 16 8 16
