6 151
.......................................................................................................................................................
.......................................................................................................................................................
..@@.@@.@@.@@.@@.@@.@@.@@.@@.@@.@@.@@.@@.@@.@@.@@.@@.@@.@@.@@.@@.@@.@@.@@.@@.@@.@@.@@.@@.@@.@@.@@.@@.@@.@@.@@.@@.@@.@@.@@.@@.@@.@@.@@.@@.@@.@@.@@.@@...
.......................................................................................................................................................
.......................................................................................................................................................
.......................................................................................................................................................
31
4 60 4 8
3 17 0 33
3 103 0 29
4 77 2 46
1 8 3 91
3 110 3 121
3 63 4 145
5 38 2 73
5 24 3 15
1 87 3 16
3 78 1 51
1 61 5 65
1 46 2 43
5 50 3 139
3 143 3 20
4 85 1 8
5 104 3 101
4 67 1 125
0 32 0 79
3 109 1 36
3 64 3 31
1 62 5 76
0 73 4 43
0 37 3 77
0 45 3 80
5 89 2 106
1 25 5 115
4 59 4 42
1 90 1 16
1 144 0 57
0 38 5 54
