44 13
.............
.............
..@@.@@.@@...
.............
..@@.@@.@@...
.............
..@@.@@.@@...
.............
..@@.@@.@@...
.............
..@@.@@.@@...
.............
..@@.@@.@@...
.............
..@@.@@.@@...
.............
..@@.@@.@@...
.............
..@@.@@.@@...
.............
..@@.@@.@@...
.............
..@@.@@.@@...
.............
..@@.@@.@@...
.............
..@@.@@.@@...
.............
..@@.@@.@@...
.............
..@@.@@.@@...
.............
..@@.@@.@@...
.............
..@@.@@.@@...
.............
..@@.@@.@@...
.............
..@@.@@.@@...
.............
..@@.@@.@@...
.............
.............
.............
35
10 0 25 12
14 0 28 1
30 1 24 1
6 1 29 0
33 0 10 4
22 7 43 5
27 1 33 0
12 10 22 4
17 10 14 7
24 7 5 11
42 3 41 3
17 6 4 0
34 1 22 12
1 9 4 4
43 6 35 9
27 7 36 1
21 3 5 12
37 11 19 12
3 11 10 12
17 0 29 7
32 12 19 2
29 0 21 8
36 10 23 12
35 4 0 4
9 9 17 3
0 5 2 10
4 11 41 6
20 12 18 4
26 7 0 9
28 4 0 2
9 4 39 0
19 12 43 0
3 10 15 11
18 12 37 5
5 5 13 3
