32 169
.........................................................................................................................................................................
.........................................................................................................................................................................
..@@...@@...@@...@@...@@...@@...@@...@@...@@...@@...@@...@@...@@...@@...@@...@@...@@...@@...@@...@@...@@...@@...@@...@@...@@...@@...@@...@@...@@...@@...@@...@@...@@.....
.........................................................................................................................................................................
.........................................................................................................................................................................
.........................................................................................................................................................................
..@@...@@...@@...@@...@@...@@...@@...@@...@@...@@...@@...@@...@@...@@...@@...@@...@@...@@...@@...@@...@@...@@...@@...@@...@@...@@...@@...@@...@@...@@...@@...@@...@@.....
.........................................................................................................................................................................
.........................................................................................................................................................................
.........................................................................................................................................................................
..@@...@@...@@...@@...@@...@@...@@...@@...@@...@@...@@...@@...@@...@@...@@...@@...@@...@@...@@...@@...@@...@@...@@...@@...@@...@@...@@...@@...@@...@@...@@...@@...@@.....
.........................................................................................................................................................................
.........................................................................................................................................................................
.........................................................................................................................................................................
..@@...@@...@@...@@...@@...@@...@@...@@...@@...@@...@@...@@...@@...@@...@@...@@...@@...@@...@@...@@...@@...@@...@@...@@...@@...@@...@@...@@...@@...@@...@@...@@...@@.....
.........................................................................................................................................................................
.........................................................................................................................................................................
.........................................................................................................................................................................
..@@...@@...@@...@@...@@...@@...@@...@@...@@...@@...@@...@@...@@...@@...@@...@@...@@...@@...@@...@@...@@...@@...@@...@@...@@...@@...@@...@@...@@...@@...@@...@@...@@.....
.........................................................................................................................................................................
.........................................................................................................................................................................
.........................................................................................................................................................................
..@@...@@...@@...@@...@@...@@...@@...@@...@@...@@...@@...@@...@@...@@...@@...@@...@@...@@...@@...@@...@@...@@...@@...@@...@@...@@...@@...@@...@@...@@...@@...@@...@@.....
.........................................................................................................................................................................
.........................................................................................................................................................................
.........................................................................................................................................................................
..@@...@@...@@...@@...@@...@@...@@...@@...@@...@@...@@...@@...@@...@@...@@...@@...@@...@@...@@...@@...@@...@@...@@...@@...@@...@@...@@...@@...@@...@@...@@...@@...@@.....
.........................................................................................................................................................................
.........................................................................................................................................................................
.........................................................................................................................................................................
.........................................................................................................................................................................
.........................................................................................................................................................................
105
9 115 20 165
25 45 16 167
22 85 17 156
22 146 24 77
25 92 27 149
20 144 4 7
30 94 9 158
15 1 30 142
31 28 31 101
31 92 7 12
29 40 23 157
17 107 18 15
23 82 15 145
0 36 23 129
8 103 21 0
15 131 26 19
22 36 10 165
18 134 31 43
21 106 29 157
26 39 30 108
20 50 1 153
11 62 27 148
28 164 19 89
6 149 26 71
28 27 8 147
10 16 10 105
13 19 22 111
6 1 21 60
5 100 29 147
28 151 4 23
22 154 14 74
11 135 27 25
4 28 21 151
13 70 27 132
13 148 16 56
25 149 30 99
20 51 6 139
1 103 17 43
7 114 26 40
26 40 20 142
7 83 15 11
31 114 27 36
25 12 25 154
4 147 5 12
29 120 25 19
31 107 14 56
16 47 30 127
5 86 1 26
29 146 29 54
0 127 15 15
30 122 11 87
11 111 1 5
16 86 13 142
17 14 7 146
5 2 29 69
20 41 11 156
0 42 22 131
9 134 23 46
21 93 4 157
13 3 9 159
8 154 1 57
5 113 12 168
28 81 28 23
0 25 12 70
24 157 25 24
12 109 24 3
1 75 24 151
17 97 26 51
20 103 7 14
26 15 24 117
9 87 5 21
17 20 24 128
29 52 30 146
24 129 10 1
6 165 16 83
10 34 26 159
21 150 1 27
25 51 2 80
30 68 29 4
3 115 15 71
30 100 27 27
12 110 21 3
30 34 20 89
4 103 20 58
24 81 26 9
27 110 18 164
27 8 5 166
20 93 18 39
28 141 21 86
26 30 23 145
28 153 1 38
30 124 5 57
17 21 27 138
27 79 31 3
18 94 6 15
11 145 4 69
4 57 0 160
29 61 24 127
1 76 26 29
19 109 24 158
6 49 23 122
27 140 27 71
17 114 27 11
24 165 23 62
9 15 13 139
