48 73
.........................................................................
.........................................................................
..@@.@@.@@.@@.@@.@@.@@.@@.@@.@@.@@.@@.@@.@@.@@.@@.@@.@@.@@.@@.@@.@@.@@...
.........................................................................
..@@.@@.@@.@@.@@.@@.@@.@@.@@.@@.@@.@@.@@.@@.@@.@@.@@.@@.@@.@@.@@.@@.@@...
.........................................................................
..@@.@@.@@.@@.@@.@@.@@.@@.@@.@@.@@.@@.@@.@@.@@.@@.@@.@@.@@.@@.@@.@@.@@...
.........................................................................
..@@.@@.@@.@@.@@.@@.@@.@@.@@.@@.@@.@@.@@.@@.@@.@@.@@.@@.@@.@@.@@.@@.@@...
.........................................................................
..@@.@@.@@.@@.@@.@@.@@.@@.@@.@@.@@.@@.@@.@@.@@.@@.@@.@@.@@.@@.@@.@@.@@...
.........................................................................
..@@.@@.@@.@@.@@.@@.@@.@@.@@.@@.@@.@@.@@.@@.@@.@@.@@.@@.@@.@@.@@.@@.@@...
.........................................................................
..@@.@@.@@.@@.@@.@@.@@.@@.@@.@@.@@.@@.@@.@@.@@.@@.@@.@@.@@.@@.@@.@@.@@...
.........................................................................
..@@.@@.@@.@@.@@.@@.@@.@@.@@.@@.@@.@@.@@.@@.@@.@@.@@.@@.@@.@@.@@.@@.@@...
.........................................................................
..@@.@@.@@.@@.@@.@@.@@.@@.@@.@@.@@.@@.@@.@@.@@.@@.@@.@@.@@.@@.@@.@@.@@...
.........................................................................
..@@.@@.@@.@@.@@.@@.@@.@@.@@.@@.@@.@@.@@.@@.@@.@@.@@.@@.@@.@@.@@.@@.@@...
.........................................................................
..@@.@@.@@.@@.@@.@@.@@.@@.@@.@@.@@.@@.@@.@@.@@.@@.@@.@@.@@.@@.@@.@@.@@...
.........................................................................
..@@.@@.@@.@@.@@.@@.@@.@@.@@.@@.@@.@@.@@.@@.@@.@@.@@.@@.@@.@@.@@.@@.@@...
.........................................................................
..@@.@@.@@.@@.@@.@@.@@.@@.@@.@@.@@.@@.@@.@@.@@.@@.@@.@@.@@.@@.@@.@@.@@...
.........................................................................
..@@.@@.@@.@@.@@.@@.@@.@@.@@.@@.@@.@@.@@.@@.@@.@@.@@.@@.@@.@@.@@.@@.@@...
.........................................................................
..@@.@@.@@.@@.@@.@@.@@.@@.@@.@@.@@.@@.@@.@@.@@.@@.@@.@@.@@.@@.@@.@@.@@...
.........................................................................
..@@.@@.@@.@@.@@.@@.@@.@@.@@.@@.@@.@@.@@.@@.@@.@@.@@.@@.@@.@@.@@.@@.@@...
.........................................................................
..@@.@@.@@.@@.@@.@@.@@.@@.@@.@@.@@.@@.@@.@@.@@.@@.@@.@@.@@.@@.@@.@@.@@...
.........................................................................
..@@.@@.@@.@@.@@.@@.@@.@@.@@.@@.@@.@@.@@.@@.@@.@@.@@.@@.@@.@@.@@.@@.@@...
.........................................................................
..@@.@@.@@.@@.@@.@@.@@.@@.@@.@@.@@.@@.@@.@@.@@.@@.@@.@@.@@.@@.@@.@@.@@...
.........................................................................
..@@.@@.@@.@@.@@.@@.@@.@@.@@.@@.@@.@@.@@.@@.@@.@@.@@.@@.@@.@@.@@.@@.@@...
.........................................................................
..@@.@@.@@.@@.@@.@@.@@.@@.@@.@@.@@.@@.@@.@@.@@.@@.@@.@@.@@.@@.@@.@@.@@...
.........................................................................
..@@.@@.@@.@@.@@.@@.@@.@@.@@.@@.@@.@@.@@.@@.@@.@@.@@.@@.@@.@@.@@.@@.@@...
.........................................................................
.........................................................................
.........................................................................
34
35 14 1 41
18 70 14 46
36 7 9 69
8 31 25 48
29 61 28 7
20 34 2 28
27 25 28 19
42 1 19 35
41 21 47 15
31 43 16 22
36 40 3 15
20 0 19 47
45 38 11 31
35 42 25 37
1 51 27 13
29 60 35 44
27 31 42 16
11 20 5 57
45 47 9 60
2 4 5 2
13 0 46 52
43 32 38 16
11 19 19 62
21 46 19 69
46 7 35 29
3 3 39 45
1 55 30 31
19 7 41 15
3 64 39 51
9 25 19 65
35 15 18 22
19 56 31 27
15 47 25 7
29 35 29 26
