38 22
......................
......................
..@@.@@.@@.@@.@@.@@...
......................
..@@.@@.@@.@@.@@.@@...
......................
..@@.@@.@@.@@.@@.@@...
......................
..@@.@@.@@.@@.@@.@@...
......................
..@@.@@.@@.@@.@@.@@...
......................
..@@.@@.@@.@@.@@.@@...
......................
..@@.@@.@@.@@.@@.@@...
......................
..@@.@@.@@.@@.@@.@@...
......................
..@@.@@.@@.@@.@@.@@...
......................
..@@.@@.@@.@@.@@.@@...
......................
..@@.@@.@@.@@.@@.@@...
......................
..@@.@@.@@.@@.@@.@@...
......................
..@@.@@.@@.@@.@@.@@...
......................
..@@.@@.@@.@@.@@.@@...
......................
..@@.@@.@@.@@.@@.@@...
......................
..@@.@@.@@.@@.@@.@@...
......................
..@@.@@.@@.@@.@@.@@...
......................
......................
......................
22
33 5 11 8
13 12 21 20
35 5 6 20
19 11 9 21
21 7 16 1
10 19 17 11
7 17 20 16
29 4 24 19
26 1 6 4
35 7 18 0
19 12 27 5
5 8 5 16
29 13 33 4
3 8 27 21
20 0 16 19
9 12 14 4
17 15 17 17
15 1 33 3
24 1 35 17
8 4 32 7
13 2 9 2
35 0 4 0
