22 31
...............................
...............................
..@@.@@.@@.@@.@@.@@.@@.@@.@@...
...............................
..@@.@@.@@.@@.@@.@@.@@.@@.@@...
...............................
..@@.@@.@@.@@.@@.@@.@@.@@.@@...
...............................
..@@.@@.@@.@@.@@.@@.@@.@@.@@...
...............................
..@@.@@.@@.@@.@@.@@.@@.@@.@@...
...............................
..@@.@@.@@.@@.@@.@@.@@.@@.@@...
...............................
..@@.@@.@@.@@.@@.@@.@@.@@.@@...
...............................
..@@.@@.@@.@@.@@.@@.@@.@@.@@...
...............................
..@@.@@.@@.@@.@@.@@.@@.@@.@@...
...............................
...............................
...............................
28
17 27 1 6
5 11 17 3
1 6 15 28
3 15 7 1
19 2 10 13
17 16 20 4
0 25 12 10
20 3 20 28
19 13 0 5
11 21 1 1
5 12 20 29
7 5 3 21
1 16 9 2
2 25 19 14
19 0 10 25
21 18 5 26
19 25 17 10
11 2 5 25
8 10 14 0
10 25 16 4
1 5 15 27
10 1 17 21
4 13 19 5
0 2 17 9
15 23 15 4
5 13 7 0
2 10 17 24
16 4 7 27
