32 10
..........
..........
..@@.@@...
..........
..@@.@@...
..........
..@@.@@...
..........
..@@.@@...
..........
..@@.@@...
..........
..@@.@@...
..........
..@@.@@...
..........
..@@.@@...
..........
..@@.@@...
..........
..@@.@@...
..........
..@@.@@...
..........
..@@.@@...
..........
..@@.@@...
..........
..@@.@@...
..........
..........
..........
20
7 3 1 6
4 4 24 0
24 0 3 4
16 4 21 1
19 7 25 7
9 3 7 0
13 3 0 2
12 9 3 5
17 8 15 2
30 7 18 8
24 8 2 9
12 7 1 2
17 4 0 1
26 7 20 7
6 8 31 6
2 7 20 0
13 7 15 4
22 0 27 5
3 9 2 7
21 8 23 5
