24 16
................
................
..@@.@@.@@.@@...
................
..@@.@@.@@.@@...
................
..@@.@@.@@.@@...
................
..@@.@@.@@.@@...
................
..@@.@@.@@.@@...
................
..@@.@@.@@.@@...
................
..@@.@@.@@.@@...
................
..@@.@@.@@.@@...
................
..@@.@@.@@.@@...
................
..@@.@@.@@.@@...
................
................
................
23
9 0 11 14
12 7 21 4
22 12 7 0
5 4 19 3
3 5 12 13
13 14 22 0
9 11 11 4
1 11 13 13
21 2 17 10
20 10 3 9
5 1 1 6
5 13 4 14
1 8 1 15
13 11 23 10
11 13 10 7
22 14 11 11
22 13 1 0
9 3 7 9
5 0 8 0
8 0 22 2
21 13 22 9
15 8 19 15
19 8 17 9
