32 10
..........
..........
..@@.@@...
..........
..@@.@@...
..........
..@@.@@...
..........
..@@.@@...
..........
..@@.@@...
..........
..@@.@@...
..........
..@@.@@...
..........
..@@.@@...
..........
..@@.@@...
..........
..@@.@@...
..........
..@@.@@...
..........
..@@.@@...
..........
..@@.@@...
..........
..@@.@@...
..........
..........
..........
20
8 7 28 4
19 6 0 4
21 5 2 7
21 4 6 9
21 8 2 9
24 1 3 7
7 4 28 9
0 0 27 1
6 7 31 2
13 9 31 1
7 5 25 2
21 1 5 5
9 8 25 1
1 0 24 9
15 1 1 9
31 9 6 8
13 1 27 7
27 8 0 3
25 5 3 6
18 1 0 5
