30 13
.............
.............
..@@.@@.@@...
.............
..@@.@@.@@...
.............
..@@.@@.@@...
.............
..@@.@@.@@...
.............
..@@.@@.@@...
.............
..@@.@@.@@...
.............
..@@.@@.@@...
.............
..@@.@@.@@...
.............
..@@.@@.@@...
.............
..@@.@@.@@...
.............
..@@.@@.@@...
.............
..@@.@@.@@...
.............
..@@.@@.@@...
.............
.............
.............
18
12 10 1 11
19 5 16 0
24 4 24 12
15 7 22 0
28 6 26 7
17 5 8 10
13 6 24 0
25 11 16 1
25 12 27 7
14 1 17 3
11 4 17 2
7 3 14 10
28 7 14 11
7 12 1 4
11 6 9 6
6 4 10 0
10 0 27 8
27 3 28 3
