18 82
..................................................................................
..................................................................................
..@@.@@.@@.@@.@@.@@.@@.@@.@@.@@.@@.@@.@@.@@.@@.@@.@@.@@.@@.@@.@@.@@.@@.@@.@@.@@...
..................................................................................
..@@.@@.@@.@@.@@.@@.@@.@@.@@.@@.@@.@@.@@.@@.@@.@@.@@.@@.@@.@@.@@.@@.@@.@@.@@.@@...
..................................................................................
..@@.@@.@@.@@.@@.@@.@@.@@.@@.@@.@@.@@.@@.@@.@@.@@.@@.@@.@@.@@.@@.@@.@@.@@.@@.@@...
..................................................................................
..@@.@@.@@.@@.@@.@@.@@.@@.@@.@@.@@.@@.@@.@@.@@.@@.@@.@@.@@.@@.@@.@@.@@.@@.@@.@@...
..................................................................................
..@@.@@.@@.@@.@@.@@.@@.@@.@@.@@.@@.@@.@@.@@.@@.@@.@@.@@.@@.@@.@@.@@.@@.@@.@@.@@...
..................................................................................
..@@.@@.@@.@@.@@.@@.@@.@@.@@.@@.@@.@@.@@.@@.@@.@@.@@.@@.@@.@@.@@.@@.@@.@@.@@.@@...
..................................................................................
..@@.@@.@@.@@.@@.@@.@@.@@.@@.@@.@@.@@.@@.@@.@@.@@.@@.@@.@@.@@.@@.@@.@@.@@.@@.@@...
..................................................................................
..................................................................................
..................................................................................
34
5 36 9 13
9 75 5 41
13 17 12 10
0 10 7 26
12 40 5 1
12 13 16 1
11 34 0 6
16 24 14 1
3 71 7 9
15 68 0 66
5 55 9 72
10 46 3 8
7 30 14 73
3 31 11 48
16 20 14 55
12 73 5 28
6 52 13 76
2 28 3 75
7 44 5 60
7 66 12 25
11 35 14 19
0 74 8 31
3 12 16 65
17 67 17 8
5 58 17 17
16 58 7 10
17 65 13 63
15 45 15 17
17 23 0 34
3 15 9 23
16 39 9 50
17 43 2 67
17 61 11 31
16 36 0 11
