22 16
................
................
..@@.@@.@@.@@...
................
..@@.@@.@@.@@...
................
..@@.@@.@@.@@...
................
..@@.@@.@@.@@...
................
..@@.@@.@@.@@...
................
..@@.@@.@@.@@...
................
..@@.@@.@@.@@...
................
..@@.@@.@@.@@...
................
..@@.@@.@@.@@...
................
................
................
27
5 13 3 0
0 14 18 15
13 6 7 12
20 1 14 13
19 10 13 10
12 10 11 1
12 1 15 8
9 12 14 0
5 6 17 1
9 5 10 10
5 10 13 9
8 10 7 1
21 14 13 11
4 0 8 14
6 13 17 12
19 14 21 6
16 0 19 4
9 0 5 2
8 13 0 13
7 10 0 6
14 4 3 3
10 10 1 10
3 4 8 7
18 7 15 12
13 3 11 5
15 3 0 12
10 15 8 4
