26 16
................
................
..@@.@@.@@.@@...
................
..@@.@@.@@.@@...
................
..@@.@@.@@.@@...
................
..@@.@@.@@.@@...
................
..@@.@@.@@.@@...
................
..@@.@@.@@.@@...
................
..@@.@@.@@.@@...
................
..@@.@@.@@.@@...
................
..@@.@@.@@.@@...
................
..@@.@@.@@.@@...
................
..@@.@@.@@.@@...
................
................
................
30
8 10 3 13
7 5 0 8
1 2 16 7
6 15 24 3
0 0 7 6
11 3 0 13
13 14 25 13
5 0 2 4
11 6 12 10
23 12 25 14
13 4 12 4
5 7 4 1
15 0 7 2
15 7 19 7
18 1 3 4
21 4 3 7
3 4 19 2
16 0 1 14
6 7 15 6
13 3 1 1
7 4 9 15
16 13 7 0
21 7 9 12
13 2 21 12
0 5 8 14
12 10 22 4
23 5 2 0
21 6 15 0
0 13 2 15
14 10 25 9
