32 10
..........
..........
..@@.@@...
..........
..@@.@@...
..........
..@@.@@...
..........
..@@.@@...
..........
..@@.@@...
..........
..@@.@@...
..........
..@@.@@...
..........
..@@.@@...
..........
..@@.@@...
..........
..@@.@@...
..........
..@@.@@...
..........
..@@.@@...
..........
..@@.@@...
..........
..@@.@@...
..........
..........
..........
20
23 5 27 7
29 3 8 0
0 7 1 0
11 6 0 7
9 8 13 6
24 9 31 5
3 1 17 2
25 0 23 0
6 9 3 6
21 9 10 0
7 5 28 7
22 1 21 9
9 3 21 5
13 2 16 1
8 4 23 2
29 1 0 1
3 9 20 8
13 9 18 8
17 4 17 7
17 5 21 8
