38 22
......................
......................
..@@.@@.@@.@@.@@.@@...
......................
..@@.@@.@@.@@.@@.@@...
......................
..@@.@@.@@.@@.@@.@@...
......................
..@@.@@.@@.@@.@@.@@...
......................
..@@.@@.@@.@@.@@.@@...
......................
..@@.@@.@@.@@.@@.@@...
......................
..@@.@@.@@.@@.@@.@@...
......................
..@@.@@.@@.@@.@@.@@...
......................
..@@.@@.@@.@@.@@.@@...
......................
..@@.@@.@@.@@.@@.@@...
......................
..@@.@@.@@.@@.@@.@@...
......................
..@@.@@.@@.@@.@@.@@...
......................
..@@.@@.@@.@@.@@.@@...
......................
..@@.@@.@@.@@.@@.@@...
......................
..@@.@@.@@.@@.@@.@@...
......................
..@@.@@.@@.@@.@@.@@...
......................
..@@.@@.@@.@@.@@.@@...
......................
......................
......................
22
15 18 29 8
29 10 0 12
14 4 8 13
27 11 27 17
34 13 7 7
14 10 22 19
5 20 13 0
1 5 30 13
3 7 5 1
1 18 21 9
20 1 28 20
7 14 31 5
29 17 24 7
31 12 27 14
30 0 16 21
35 14 6 1
5 17 10 13
13 18 22 4
25 19 5 9
24 10 9 16
9 4 35 18
23 12 21 12
