14 37
.....................................
.....................................
..@@.@@.@@.@@.@@.@@.@@.@@.@@.@@.@@...
.....................................
..@@.@@.@@.@@.@@.@@.@@.@@.@@.@@.@@...
.....................................
..@@.@@.@@.@@.@@.@@.@@.@@.@@.@@.@@...
.....................................
..@@.@@.@@.@@.@@.@@.@@.@@.@@.@@.@@...
.....................................
..@@.@@.@@.@@.@@.@@.@@.@@.@@.@@.@@...
.....................................
.....................................
.....................................
28
3 30 9 21
12 7 9 33
0 12 7 5
8 35 1 25
11 7 3 27
7 35 0 1
0 27 13 8
7 5 2 13
9 16 1 35
7 17 5 30
10 34 13 20
9 32 7 22
9 15 0 29
13 0 0 30
13 28 2 28
4 4 11 32
10 36 13 24
11 32 3 5
11 31 1 9
8 34 7 4
3 28 0 35
9 8 13 17
7 4 11 14
0 17 8 25
13 35 1 10
4 13 3 26
5 29 11 11
7 7 3 23
