22 16
................
................
..@@.@@.@@.@@...
................
..@@.@@.@@.@@...
................
..@@.@@.@@.@@...
................
..@@.@@.@@.@@...
................
..@@.@@.@@.@@...
................
..@@.@@.@@.@@...
................
..@@.@@.@@.@@...
................
..@@.@@.@@.@@...
................
..@@.@@.@@.@@...
................
................
................
27
5 0 17 11
11 4 0 1
13 9 19 8
9 2 21 8
8 14 7 14
12 4 13 1
21 2 6 10
17 0 14 0
14 1 12 1
1 1 3 3
0 14 5 2
4 10 4 13
11 5 21 11
14 4 11 3
21 11 7 4
13 12 2 15
10 10 20 9
18 15 3 6
1 15 11 7
17 13 18 1
9 15 0 3
1 14 2 7
9 7 10 7
15 2 12 15
7 0 2 0
15 0 11 15
3 0 11 4
