28 16
................
................
..@@.@@.@@.@@...
................
..@@.@@.@@.@@...
................
..@@.@@.@@.@@...
................
..@@.@@.@@.@@...
................
..@@.@@.@@.@@...
................
..@@.@@.@@.@@...
................
..@@.@@.@@.@@...
................
..@@.@@.@@.@@...
................
..@@.@@.@@.@@...
................
..@@.@@.@@.@@...
................
..@@.@@.@@.@@...
................
..@@.@@.@@.@@...
................
................
................
26
11 10 1 3
11 1 1 0
21 0 0 14
4 14 16 13
17 6 11 7
11 15 17 12
15 15 11 9
24 1 23 2
7 5 11 10
6 1 6 4
24 14 10 10
2 4 7 9
21 5 18 4
26 8 14 10
0 15 4 14
17 5 17 2
15 14 2 7
26 10 5 12
14 15 10 14
26 1 18 14
5 7 25 5
11 8 19 15
7 7 26 14
9 2 19 14
1 3 1 12
17 3 25 0
