20 43
...........................................
...........................................
..@@.@@.@@.@@.@@.@@.@@.@@.@@.@@.@@.@@.@@...
...........................................
..@@.@@.@@.@@.@@.@@.@@.@@.@@.@@.@@.@@.@@...
...........................................
..@@.@@.@@.@@.@@.@@.@@.@@.@@.@@.@@.@@.@@...
...........................................
..@@.@@.@@.@@.@@.@@.@@.@@.@@.@@.@@.@@.@@...
...........................................
..@@.@@.@@.@@.@@.@@.@@.@@.@@.@@.@@.@@.@@...
...........................................
..@@.@@.@@.@@.@@.@@.@@.@@.@@.@@.@@.@@.@@...
...........................................
..@@.@@.@@.@@.@@.@@.@@.@@.@@.@@.@@.@@.@@...
...........................................
..@@.@@.@@.@@.@@.@@.@@.@@.@@.@@.@@.@@.@@...
...........................................
...........................................
...........................................
40
7 4 13 20
19 40 13 27
12 42 10 1
17 11 3 27
8 16 5 0
5 4 4 42
18 36 7 13
13 27 10 10
7 3 9 42
1 13 12 4
7 39 2 1
0 7 5 33
6 19 19 4
0 38 11 1
17 0 3 7
18 37 3 19
13 28 3 41
19 36 15 14
5 39 18 20
7 23 18 37
2 13 13 37
3 5 18 36
5 21 11 10
7 15 1 0
19 12 16 40
9 35 16 22
9 34 14 10
7 2 10 37
17 21 0 21
3 42 0 19
9 20 1 3
18 2 0 22
18 21 7 28
6 37 4 16
17 6 11 27
18 33 11 13
11 4 9 41
1 22 5 39
13 14 6 25
2 34 5 3
