14 37
.....................................
.....................................
..@@.@@.@@.@@.@@.@@.@@.@@.@@.@@.@@...
.....................................
..@@.@@.@@.@@.@@.@@.@@.@@.@@.@@.@@...
.....................................
..@@.@@.@@.@@.@@.@@.@@.@@.@@.@@.@@...
.....................................
..@@.@@.@@.@@.@@.@@.@@.@@.@@.@@.@@...
.....................................
..@@.@@.@@.@@.@@.@@.@@.@@.@@.@@.@@...
.....................................
.....................................
.....................................
28
9 14 7 2
3 15 9 23
0 28 5 36
12 5 4 16
10 13 10 35
11 5 5 0
0 19 7 7
12 29 6 22
12 13 1 13
7 16 0 11
5 24 1 36
11 14 5 23
3 14 2 1
10 22 12 30
4 13 8 4
1 29 5 10
12 3 0 4
5 16 1 27
13 27 2 34
12 22 0 24
11 32 3 3
0 1 0 28
10 0 1 17
3 16 11 9
7 27 6 0
2 22 11 2
1 17 12 7
10 10 11 0
