6 145
.................................................................................................................................................
.................................................................................................................................................
..@@.@@.@@.@@.@@.@@.@@.@@.@@.@@.@@.@@.@@.@@.@@.@@.@@.@@.@@.@@.@@.@@.@@.@@.@@.@@.@@.@@.@@.@@.@@.@@.@@.@@.@@.@@.@@.@@.@@.@@.@@.@@.@@.@@.@@.@@.@@...
.................................................................................................................................................
.................................................................................................................................................
.................................................................................................................................................
34
1 85 1 35
0 35 4 96
3 94 2 130
5 69 0 99
5 5 2 112
5 53 3 102
3 65 3 106
3 42 5 15
1 68 4 121
2 79 5 121
5 4 5 38
2 52 5 26
5 140 1 59
1 15 0 33
1 124 3 49
5 61 0 15
4 54 4 86
5 16 0 45
2 58 5 3
0 120 3 108
1 135 0 66
0 127 1 115
3 128 1 114
0 64 3 18
4 43 4 74
3 13 4 67
0 32 4 59
0 39 4 129
0 129 4 6
5 6 3 105
3 88 3 2
1 116 4 33
4 22 1 33
2 143 3 118
