28 22
......................
......................
..@@.@@.@@.@@.@@.@@...
......................
..@@.@@.@@.@@.@@.@@...
......................
..@@.@@.@@.@@.@@.@@...
......................
..@@.@@.@@.@@.@@.@@...
......................
..@@.@@.@@.@@.@@.@@...
......................
..@@.@@.@@.@@.@@.@@...
......................
..@@.@@.@@.@@.@@.@@...
......................
..@@.@@.@@.@@.@@.@@...
......................
..@@.@@.@@.@@.@@.@@...
......................
..@@.@@.@@.@@.@@.@@...
......................
..@@.@@.@@.@@.@@.@@...
......................
..@@.@@.@@.@@.@@.@@...
......................
......................
......................
21
15 4 23 20
14 16 23 9
20 19 4 4
7 8 15 4
15 11 14 4
11 8 0 15
3 2 16 10
22 13 21 15
11 18 26 19
26 7 2 7
9 4 15 9
0 5 7 6
23 0 5 18
13 6 4 7
22 21 17 1
19 18 19 14
2 20 12 0
15 3 15 20
21 15 10 4
24 21 16 0
24 0 27 12
