6 175
...............................................................................................................................................................................
...............................................................................................................................................................................
..@@.@@.@@.@@.@@.@@.@@.@@.@@.@@.@@.@@.@@.@@.@@.@@.@@.@@.@@.@@.@@.@@.@@.@@.@@.@@.@@.@@.@@.@@.@@.@@.@@.@@.@@.@@.@@.@@.@@.@@.@@.@@.@@.@@.@@.@@.@@.@@.@@.@@.@@.@@.@@.@@.@@.@@.@@...
...............................................................................................................................................................................
...............................................................................................................................................................................
...............................................................................................................................................................................
5
1 64 1 48
2 67 0 90
5 2 4 22
3 150 0 129
1 160 4 18
