26 16
................
................
..@@.@@.@@.@@...
................
..@@.@@.@@.@@...
................
..@@.@@.@@.@@...
................
..@@.@@.@@.@@...
................
..@@.@@.@@.@@...
................
..@@.@@.@@.@@...
................
..@@.@@.@@.@@...
................
..@@.@@.@@.@@...
................
..@@.@@.@@.@@...
................
..@@.@@.@@.@@...
................
..@@.@@.@@.@@...
................
................
................
30
6 14 18 10
15 13 17 8
23 11 13 1
21 12 5 5
23 4 2 15
14 15 12 0
14 4 16 0
11 8 22 1
11 0 20 15
21 11 25 4
25 13 22 13
16 13 13 6
8 0 6 1
23 8 1 0
18 15 9 0
10 10 0 7
3 9 19 14
9 13 1 5
3 12 21 12
1 15 11 11
10 0 1 15
9 14 7 13
3 13 0 15
19 8 19 5
21 13 9 12
15 10 10 1
7 13 5 6
17 15 22 7
12 15 9 3
1 0 7 12
