24 16
................
................
..@@.@@.@@.@@...
................
..@@.@@.@@.@@...
................
..@@.@@.@@.@@...
................
..@@.@@.@@.@@...
................
..@@.@@.@@.@@...
................
..@@.@@.@@.@@...
................
..@@.@@.@@.@@...
................
..@@.@@.@@.@@...
................
..@@.@@.@@.@@...
................
..@@.@@.@@.@@...
................
................
................
23
0 15 9 8
4 1 9 6
17 6 3 7
17 5 12 1
17 14 17 4
8 13 23 8
23 13 19 8
8 14 23 9
7 2 12 15
23 1 17 13
6 1 0 8
9 7 2 10
8 15 1 7
17 4 15 15
9 4 19 4
22 8 9 3
1 12 7 13
22 11 1 9
4 14 8 1
19 4 23 0
23 2 0 4
11 3 1 12
19 1 16 7
