24 25
.........................
.........................
..@@.@@.@@.@@.@@.@@.@@...
.........................
..@@.@@.@@.@@.@@.@@.@@...
.........................
..@@.@@.@@.@@.@@.@@.@@...
.........................
..@@.@@.@@.@@.@@.@@.@@...
.........................
..@@.@@.@@.@@.@@.@@.@@...
.........................
..@@.@@.@@.@@.@@.@@.@@...
.........................
..@@.@@.@@.@@.@@.@@.@@...
.........................
..@@.@@.@@.@@.@@.@@.@@...
.........................
..@@.@@.@@.@@.@@.@@.@@...
.........................
..@@.@@.@@.@@.@@.@@.@@...
.........................
.........................
.........................
22
3 15 9 14
3 16 0 11
9 16 0 2
1 13 3 10
7 7 9 4
13 1 10 7
17 12 1 20
8 10 17 20
8 24 7 0
5 13 20 19
22 0 21 9
6 19 22 21
23 24 3 1
14 7 7 2
18 1 20 10
0 16 13 12
6 13 2 10
9 13 18 0
4 22 23 12
17 4 7 21
6 7 3 19
0 11 3 14
