30 31
...............................
...............................
..@@.@@.@@.@@.@@.@@.@@.@@.@@...
...............................
..@@.@@.@@.@@.@@.@@.@@.@@.@@...
...............................
..@@.@@.@@.@@.@@.@@.@@.@@.@@...
...............................
..@@.@@.@@.@@.@@.@@.@@.@@.@@...
...............................
..@@.@@.@@.@@.@@.@@.@@.@@.@@...
...............................
..@@.@@.@@.@@.@@.@@.@@.@@.@@...
...............................
..@@.@@.@@.@@.@@.@@.@@.@@.@@...
...............................
..@@.@@.@@.@@.@@.@@.@@.@@.@@...
...............................
..@@.@@.@@.@@.@@.@@.@@.@@.@@...
...............................
..@@.@@.@@.@@.@@.@@.@@.@@.@@...
...............................
..@@.@@.@@.@@.@@.@@.@@.@@.@@...
...............................
..@@.@@.@@.@@.@@.@@.@@.@@.@@...
...............................
..@@.@@.@@.@@.@@.@@.@@.@@.@@...
...............................
...............................
...............................
26
9 24 15 3
22 0 23 22
7 9 9 29
1 19 23 19
22 1 10 10
26 1 9 17
23 27 23 14
1 4 10 22
27 12 15 13
15 29 21 22
7 11 2 28
13 22 11 11
9 10 24 25
3 26 11 7
25 28 0 27
11 21 0 20
29 14 4 7
27 1 11 23
9 18 27 14
6 1 28 14
0 3 21 30
21 14 12 1
7 12 1 20
16 19 3 5
5 17 5 1
3 5 14 25
