12 37
.....................................
.....................................
..@@.@@.@@.@@.@@.@@.@@.@@.@@.@@.@@...
.....................................
..@@.@@.@@.@@.@@.@@.@@.@@.@@.@@.@@...
.....................................
..@@.@@.@@.@@.@@.@@.@@.@@.@@.@@.@@...
.....................................
..@@.@@.@@.@@.@@.@@.@@.@@.@@.@@.@@...
.....................................
.....................................
.....................................
29
2 10 7 1
10 32 3 30
0 6 0 4
11 25 9 1
10 0 5 32
9 22 9 11
2 1 9 22
0 3 4 0
10 12 9 26
0 34 2 28
2 31 3 2
11 12 7 10
5 7 7 12
0 19 10 27
1 15 2 10
4 4 3 0
8 25 10 22
9 18 10 8
11 13 7 16
1 5 7 32
4 25 11 8
6 16 10 9
11 18 9 15
7 28 5 6
11 14 9 6
0 27 7 21
10 13 0 3
6 36 1 36
3 2 10 2
