54 16
................
................
..@@.@@.@@.@@...
................
..@@.@@.@@.@@...
................
..@@.@@.@@.@@...
................
..@@.@@.@@.@@...
................
..@@.@@.@@.@@...
................
..@@.@@.@@.@@...
................
..@@.@@.@@.@@...
................
..@@.@@.@@.@@...
................
..@@.@@.@@.@@...
................
..@@.@@.@@.@@...
................
..@@.@@.@@.@@...
................
..@@.@@.@@.@@...
................
..@@.@@.@@.@@...
................
..@@.@@.@@.@@...
................
..@@.@@.@@.@@...
................
..@@.@@.@@.@@...
................
..@@.@@.@@.@@...
................
..@@.@@.@@.@@...
................
..@@.@@.@@.@@...
................
..@@.@@.@@.@@...
................
..@@.@@.@@.@@...
................
..@@.@@.@@.@@...
................
..@@.@@.@@.@@...
................
..@@.@@.@@.@@...
................
..@@.@@.@@.@@...
................
................
................
33
0 7 53 14
52 1 1 14
53 13 1 5
52 14 3 1
4 0 52 14
0 0 48 13
1 8 53 0
1 13 52 4
3 2 52 13
1 12 53 1
48 14 1 1
4 1 53 15
6 15 53 2
3 14 51 1
0 2 52 15
53 1 1 15
53 7 0 15
53 5 1 13
51 4 0 13
0 10 51 0
51 0 0 9
0 5 50 15
1 2 50 13
53 14 0 6
5 1 53 13
0 4 53 11
0 9 52 0
0 6 51 15
0 15 47 2
2 0 49 13
0 14 51 5
1 0 50 14
0 1 49 12
