10 25
.........................
.........................
..@@.@@.@@.@@.@@.@@.@@...
.........................
..@@.@@.@@.@@.@@.@@.@@...
.........................
..@@.@@.@@.@@.@@.@@.@@...
.........................
.........................
.........................
28
5 22 2 24
9 22 4 7
0 1 8 8
4 10 3 6
9 21 0 6
3 13 8 20
8 9 1 0
3 7 3 10
8 13 0 20
4 4 0 1
7 15 0 11
4 7 8 22
0 10 9 3
1 10 1 12
1 9 8 21
5 20 3 17
5 19 7 15
3 24 7 18
7 10 7 5
8 6 7 8
3 3 7 4
8 14 4 22
1 3 8 3
0 19 5 23
4 0 8 4
4 16 1 21
9 2 1 4
3 8 8 10
