30 13
.............
.............
..@@.@@.@@...
.............
..@@.@@.@@...
.............
..@@.@@.@@...
.............
..@@.@@.@@...
.............
..@@.@@.@@...
.............
..@@.@@.@@...
.............
..@@.@@.@@...
.............
..@@.@@.@@...
.............
..@@.@@.@@...
.............
..@@.@@.@@...
.............
..@@.@@.@@...
.............
..@@.@@.@@...
.............
..@@.@@.@@...
.............
.............
.............
18
17 6 23 0
27 10 14 0
15 5 24 1
6 11 28 3
16 11 25 6
23 11 25 5
8 7 3 2
5 4 17 4
25 11 5 6
18 12 27 3
7 7 20 7
13 12 27 11
11 11 15 5
19 0 23 5
10 4 8 12
27 8 3 4
13 0 11 2
25 7 11 6
