22 43
...........................................
...........................................
..@@.@@.@@.@@.@@.@@.@@.@@.@@.@@.@@.@@.@@...
...........................................
..@@.@@.@@.@@.@@.@@.@@.@@.@@.@@.@@.@@.@@...
...........................................
..@@.@@.@@.@@.@@.@@.@@.@@.@@.@@.@@.@@.@@...
...........................................
..@@.@@.@@.@@.@@.@@.@@.@@.@@.@@.@@.@@.@@...
...........................................
..@@.@@.@@.@@.@@.@@.@@.@@.@@.@@.@@.@@.@@...
...........................................
..@@.@@.@@.@@.@@.@@.@@.@@.@@.@@.@@.@@.@@...
...........................................
..@@.@@.@@.@@.@@.@@.@@.@@.@@.@@.@@.@@.@@...
...........................................
..@@.@@.@@.@@.@@.@@.@@.@@.@@.@@.@@.@@.@@...
...........................................
..@@.@@.@@.@@.@@.@@.@@.@@.@@.@@.@@.@@.@@...
...........................................
...........................................
...........................................
46
4 7 8 40
0 14 19 19
21 17 13 27
17 25 20 24
3 30 9 0
0 8 11 36
19 0 18 34
1 37 3 10
1 30 7 37
5 10 20 6
9 22 11 30
20 33 17 34
0 40 8 25
7 23 9 13
15 39 21 40
15 17 7 2
17 17 5 37
20 37 7 3
6 13 11 34
2 4 1 9
8 25 3 28
13 15 3 8
21 2 5 2
15 32 0 25
15 36 13 25
17 11 3 16
9 21 21 33
13 38 10 28
0 7 14 22
12 13 6 42
3 28 15 2
7 1 12 25
0 9 5 17
20 38 5 25
10 34 1 3
8 37 17 39
7 25 0 12
17 3 21 19
5 2 10 16
17 24 7 27
0 17 11 9
1 14 13 19
18 42 15 11
12 34 19 29
5 26 5 23
19 40 7 19
