14 37
.....................................
.....................................
..@@.@@.@@.@@.@@.@@.@@.@@.@@.@@.@@...
.....................................
..@@.@@.@@.@@.@@.@@.@@.@@.@@.@@.@@...
.....................................
..@@.@@.@@.@@.@@.@@.@@.@@.@@.@@.@@...
.....................................
..@@.@@.@@.@@.@@.@@.@@.@@.@@.@@.@@...
.....................................
..@@.@@.@@.@@.@@.@@.@@.@@.@@.@@.@@...
.....................................
.....................................
.....................................
28
13 29 0 23
9 30 5 6
5 6 7 18
8 16 0 34
0 9 8 16
9 35 13 17
12 36 1 36
0 11 11 12
13 27 13 10
13 32 5 22
7 20 7 2
1 23 12 23
7 32 0 0
12 7 7 34
8 1 11 9
2 1 11 22
11 7 10 35
11 26 4 35
3 17 6 34
3 22 3 11
5 14 5 28
3 21 0 35
11 13 5 5
7 26 13 32
4 31 11 25
13 5 11 16
11 0 3 18
5 15 2 36
