28 16
................
................
..@@.@@.@@.@@...
................
..@@.@@.@@.@@...
................
..@@.@@.@@.@@...
................
..@@.@@.@@.@@...
................
..@@.@@.@@.@@...
................
..@@.@@.@@.@@...
................
..@@.@@.@@.@@...
................
..@@.@@.@@.@@...
................
..@@.@@.@@.@@...
................
..@@.@@.@@.@@...
................
..@@.@@.@@.@@...
................
..@@.@@.@@.@@...
................
................
................
26
7 6 3 14
25 9 5 12
23 7 9 14
25 0 18 14
16 1 17 6
15 5 14 1
12 7 19 12
6 14 5 11
11 14 17 13
23 6 10 15
27 13 21 12
11 0 9 0
5 2 13 8
8 10 3 3
25 5 12 15
11 7 17 4
23 13 17 5
11 3 23 13
27 3 1 1
13 9 4 1
23 8 2 1
16 13 10 10
19 6 20 0
13 15 14 7
1 2 1 0
17 0 10 14
