30 13
.............
.............
..@@.@@.@@...
.............
..@@.@@.@@...
.............
..@@.@@.@@...
.............
..@@.@@.@@...
.............
..@@.@@.@@...
.............
..@@.@@.@@...
.............
..@@.@@.@@...
.............
..@@.@@.@@...
.............
..@@.@@.@@...
.............
..@@.@@.@@...
.............
..@@.@@.@@...
.............
..@@.@@.@@...
.............
..@@.@@.@@...
.............
.............
.............
18
7 12 29 10
27 5 11 7
25 1 11 5
26 10 21 6
17 3 15 6
13 4 1 1
7 4 11 3
25 3 11 8
7 9 25 11
8 12 15 1
11 10 5 6
19 5 9 3
14 7 27 1
25 2 21 11
18 0 25 7
9 0 12 0
14 12 11 4
1 2 9 8
