24 19
...................
...................
..@@.@@.@@.@@.@@...
...................
..@@.@@.@@.@@.@@...
...................
..@@.@@.@@.@@.@@...
...................
..@@.@@.@@.@@.@@...
...................
..@@.@@.@@.@@.@@...
...................
..@@.@@.@@.@@.@@...
...................
..@@.@@.@@.@@.@@...
...................
..@@.@@.@@.@@.@@...
...................
..@@.@@.@@.@@.@@...
...................
..@@.@@.@@.@@.@@...
...................
...................
...................
26
10 4 1 0
15 10 19 4
19 9 12 16
22 15 22 0
6 10 11 5
5 5 13 16
3 6 17 10
13 17 17 15
9 13 12 13
1 14 3 11
21 2 1 7
9 0 7 11
5 0 1 18
1 10 23 12
13 14 22 17
11 16 11 13
11 17 18 1
4 17 21 1
7 2 19 16
5 15 8 0
22 16 22 2
6 7 22 11
9 4 19 18
5 1 17 11
8 0 21 5
21 16 7 0
