30 52
....................................................
....................................................
..@@.@@.@@.@@.@@.@@.@@.@@.@@.@@.@@.@@.@@.@@.@@.@@...
....................................................
..@@.@@.@@.@@.@@.@@.@@.@@.@@.@@.@@.@@.@@.@@.@@.@@...
....................................................
..@@.@@.@@.@@.@@.@@.@@.@@.@@.@@.@@.@@.@@.@@.@@.@@...
....................................................
..@@.@@.@@.@@.@@.@@.@@.@@.@@.@@.@@.@@.@@.@@.@@.@@...
....................................................
..@@.@@.@@.@@.@@.@@.@@.@@.@@.@@.@@.@@.@@.@@.@@.@@...
....................................................
..@@.@@.@@.@@.@@.@@.@@.@@.@@.@@.@@.@@.@@.@@.@@.@@...
....................................................
..@@.@@.@@.@@.@@.@@.@@.@@.@@.@@.@@.@@.@@.@@.@@.@@...
....................................................
..@@.@@.@@.@@.@@.@@.@@.@@.@@.@@.@@.@@.@@.@@.@@.@@...
....................................................
..@@.@@.@@.@@.@@.@@.@@.@@.@@.@@.@@.@@.@@.@@.@@.@@...
....................................................
..@@.@@.@@.@@.@@.@@.@@.@@.@@.@@.@@.@@.@@.@@.@@.@@...
....................................................
..@@.@@.@@.@@.@@.@@.@@.@@.@@.@@.@@.@@.@@.@@.@@.@@...
....................................................
..@@.@@.@@.@@.@@.@@.@@.@@.@@.@@.@@.@@.@@.@@.@@.@@...
....................................................
..@@.@@.@@.@@.@@.@@.@@.@@.@@.@@.@@.@@.@@.@@.@@.@@...
....................................................
....................................................
....................................................
40
5 35 25 7
27 10 7 33
0 23 20 43
29 9 26 43
25 0 5 38
24 0 7 28
5 3 25 31
6 0 19 34
0 14 11 33
25 47 28 2
2 28 16 7
28 17 9 30
2 16 25 32
7 7 4 22
12 51 10 37
1 15 27 25
3 29 15 49
21 37 11 36
20 51 29 48
23 37 9 32
28 23 8 0
8 31 6 16
28 37 0 15
11 37 9 34
17 31 19 11
21 24 3 34
21 31 1 34
23 28 4 50
22 49 4 19
18 49 23 3
0 12 0 42
16 40 29 36
4 51 14 28
19 23 14 37
19 42 9 27
28 25 12 4
1 43 23 16
25 46 6 46
17 24 23 51
7 34 10 0
