24 25
.........................
.........................
..@@.@@.@@.@@.@@.@@.@@...
.........................
..@@.@@.@@.@@.@@.@@.@@...
.........................
..@@.@@.@@.@@.@@.@@.@@...
.........................
..@@.@@.@@.@@.@@.@@.@@...
.........................
..@@.@@.@@.@@.@@.@@.@@...
.........................
..@@.@@.@@.@@.@@.@@.@@...
.........................
..@@.@@.@@.@@.@@.@@.@@...
.........................
..@@.@@.@@.@@.@@.@@.@@...
.........................
..@@.@@.@@.@@.@@.@@.@@...
.........................
..@@.@@.@@.@@.@@.@@.@@...
.........................
.........................
.........................
22
0 24 8 23
19 1 0 6
4 1 1 19
12 13 9 10
17 10 3 11
17 9 12 1
17 23 17 6
2 10 23 13
23 21 18 19
8 22 19 13
7 3 23 14
9 11 17 9
23 4 12 24
0 10 17 21
20 4 0 13
1 19 0 21
22 17 9 6
4 22 9 12
19 7 7 20
23 3 1 14
11 4 8 1
4 19 23 0
