30 13
.............
.............
..@@.@@.@@...
.............
..@@.@@.@@...
.............
..@@.@@.@@...
.............
..@@.@@.@@...
.............
..@@.@@.@@...
.............
..@@.@@.@@...
.............
..@@.@@.@@...
.............
..@@.@@.@@...
.............
..@@.@@.@@...
.............
..@@.@@.@@...
.............
..@@.@@.@@...
.............
..@@.@@.@@...
.............
..@@.@@.@@...
.............
.............
.............
18
0 3 12 11
7 12 17 8
15 9 23 3
3 4 28 10
28 2 6 7
9 11 16 7
25 8 7 2
7 10 25 8
21 0 3 4
19 6 8 10
21 3 17 0
3 1 10 12
9 5 17 2
23 12 29 7
23 3 25 1
25 9 15 2
15 10 0 9
22 4 15 3
