24 25
.........................
.........................
..@@.@@.@@.@@.@@.@@.@@...
.........................
..@@.@@.@@.@@.@@.@@.@@...
.........................
..@@.@@.@@.@@.@@.@@.@@...
.........................
..@@.@@.@@.@@.@@.@@.@@...
.........................
..@@.@@.@@.@@.@@.@@.@@...
.........................
..@@.@@.@@.@@.@@.@@.@@...
.........................
..@@.@@.@@.@@.@@.@@.@@...
.........................
..@@.@@.@@.@@.@@.@@.@@...
.........................
..@@.@@.@@.@@.@@.@@.@@...
.........................
..@@.@@.@@.@@.@@.@@.@@...
.........................
.........................
.........................
22
17 14 15 20
7 20 1 0
1 0 21 18
9 12 17 3
18 1 23 1
14 23 17 2
13 16 1 13
21 0 21 11
20 16 0 22
6 7 0 19
14 1 9 6
10 0 22 19
5 6 14 10
21 8 9 20
15 5 9 23
5 15 17 19
1 23 0 21
22 9 14 22
4 16 11 20
17 15 13 17
9 22 5 15
6 10 22 20
