28 16
................
................
..@@.@@.@@.@@...
................
..@@.@@.@@.@@...
................
..@@.@@.@@.@@...
................
..@@.@@.@@.@@...
................
..@@.@@.@@.@@...
................
..@@.@@.@@.@@...
................
..@@.@@.@@.@@...
................
..@@.@@.@@.@@...
................
..@@.@@.@@.@@...
................
..@@.@@.@@.@@...
................
..@@.@@.@@.@@...
................
..@@.@@.@@.@@...
................
................
................
26
11 10 3 15
20 4 9 9
25 7 5 15
10 10 19 8
25 6 3 11
0 14 15 12
2 7 21 4
1 5 17 14
21 15 1 12
23 4 22 1
9 4 13 10
5 10 7 2
21 10 18 4
23 0 15 11
4 7 8 13
7 12 12 1
13 7 1 5
4 14 7 5
19 9 1 4
26 4 26 6
4 4 7 9
19 1 15 14
18 0 0 6
17 5 20 7
21 11 5 6
10 7 16 13
