24 16
................
................
..@@.@@.@@.@@...
................
..@@.@@.@@.@@...
................
..@@.@@.@@.@@...
................
..@@.@@.@@.@@...
................
..@@.@@.@@.@@...
................
..@@.@@.@@.@@...
................
..@@.@@.@@.@@...
................
..@@.@@.@@.@@...
................
..@@.@@.@@.@@...
................
..@@.@@.@@.@@...
................
................
................
23
7 15 19 10
0 12 1 14
13 8 13 13
1 1 16 13
0 0 23 10
12 13 0 7
4 10 15 2
15 1 22 5
21 15 6 13
5 11 0 12
12 4 23 13
5 0 2 15
13 13 7 9
14 4 11 10
15 4 23 14
11 5 17 15
19 13 5 15
0 4 7 3
4 7 6 10
18 13 15 8
11 11 3 8
21 8 3 12
19 12 9 0
