22 43
...........................................
...........................................
..@@.@@.@@.@@.@@.@@.@@.@@.@@.@@.@@.@@.@@...
...........................................
..@@.@@.@@.@@.@@.@@.@@.@@.@@.@@.@@.@@.@@...
...........................................
..@@.@@.@@.@@.@@.@@.@@.@@.@@.@@.@@.@@.@@...
...........................................
..@@.@@.@@.@@.@@.@@.@@.@@.@@.@@.@@.@@.@@...
...........................................
..@@.@@.@@.@@.@@.@@.@@.@@.@@.@@.@@.@@.@@...
...........................................
..@@.@@.@@.@@.@@.@@.@@.@@.@@.@@.@@.@@.@@...
...........................................
..@@.@@.@@.@@.@@.@@.@@.@@.@@.@@.@@.@@.@@...
...........................................
..@@.@@.@@.@@.@@.@@.@@.@@.@@.@@.@@.@@.@@...
...........................................
..@@.@@.@@.@@.@@.@@.@@.@@.@@.@@.@@.@@.@@...
...........................................
...........................................
...........................................
46
9 7 9 11
15 39 0 21
20 1 10 41
8 16 6 19
19 42 3 8
3 18 12 37
0 30 13 30
1 40 17 30
1 3 9 23
11 26 21 1
17 10 13 38
20 27 0 28
7 12 17 35
17 0 15 27
3 21 4 34
12 37 11 16
3 36 0 6
3 5 17 39
3 26 12 41
5 27 21 40
20 32 6 34
5 41 11 8
3 15 19 7
0 14 17 18
4 41 16 42
13 10 3 7
7 22 13 17
15 15 9 25
8 7 11 2
17 30 18 28
16 31 3 41
1 17 11 7
16 1 14 40
8 0 11 26
17 15 5 34
9 35 7 16
9 20 1 12
1 2 9 17
5 33 11 15
15 14 15 12
6 37 0 27
14 42 3 5
14 7 6 25
5 13 1 10
13 27 20 26
17 3 17 41
