22 22
......................
......................
..@@.@@.@@.@@.@@.@@...
......................
..@@.@@.@@.@@.@@.@@...
......................
..@@.@@.@@.@@.@@.@@...
......................
..@@.@@.@@.@@.@@.@@...
......................
..@@.@@.@@.@@.@@.@@...
......................
..@@.@@.@@.@@.@@.@@...
......................
..@@.@@.@@.@@.@@.@@...
......................
..@@.@@.@@.@@.@@.@@...
......................
..@@.@@.@@.@@.@@.@@...
......................
......................
......................
23
6 0 18 13
0 11 18 0
6 16 11 5
12 10 5 19
13 11 0 1
1 3 4 13
11 5 20 16
11 16 5 2
17 3 3 15
7 11 3 1
20 8 15 19
15 11 11 20
21 13 9 3
6 10 21 7
17 4 15 20
1 5 19 1
11 4 17 19
0 16 13 14
21 21 2 0
9 1 5 18
11 6 17 17
19 3 5 15
16 7 5 3
