32 7
.......
.......
..@@...
.......
..@@...
.......
..@@...
.......
..@@...
.......
..@@...
.......
..@@...
.......
..@@...
.......
..@@...
.......
..@@...
.......
..@@...
.......
..@@...
.......
..@@...
.......
..@@...
.......
..@@...
.......
.......
.......
31
10 4 31 0
7 3 30 1
1 0 22 6
4 1 31 4
1 6 23 2
31 3 3 6
28 5 5 3
29 2 6 0
0 5 28 0
31 2 6 4
7 2 30 5
25 6 0 0
31 0 10 4
28 6 7 1
31 1 10 5
0 1 21 6
30 3 5 6
0 6 20 0
31 4 10 0
29 3 7 0
5 3 28 5
27 6 6 1
29 0 8 6
0 0 19 6
5 6 25 0
31 6 11 0
21 1 1 6
27 3 1 2
6 6 27 1
8 1 31 5
21 5 0 1
