14 31
...............................
...............................
..@@.@@.@@.@@.@@.@@.@@.@@.@@...
...............................
..@@.@@.@@.@@.@@.@@.@@.@@.@@...
...............................
..@@.@@.@@.@@.@@.@@.@@.@@.@@...
...............................
..@@.@@.@@.@@.@@.@@.@@.@@.@@...
...............................
..@@.@@.@@.@@.@@.@@.@@.@@.@@...
...............................
...............................
...............................
15
4 19 6 0
7 27 1 23
3 29 8 19
0 19 3 14
3 23 7 3
0 0 3 27
9 2 9 24
2 28 7 14
11 17 12 24
0 5 3 9
10 30 7 4
6 25 8 10
12 17 9 22
11 16 8 28
0 14 11 14
