19 178
..................................................................................................................................................................................
..................................................................................................................................................................................
..@@....@@....@@....@@....@@....@@....@@....@@....@@....@@....@@....@@....@@....@@....@@....@@....@@....@@....@@....@@....@@....@@....@@....@@....@@....@@....@@....@@....@@......
..................................................................................................................................................................................
..................................................................................................................................................................................
..................................................................................................................................................................................
..................................................................................................................................................................................
..@@....@@....@@....@@....@@....@@....@@....@@....@@....@@....@@....@@....@@....@@....@@....@@....@@....@@....@@....@@....@@....@@....@@....@@....@@....@@....@@....@@....@@......
..................................................................................................................................................................................
..................................................................................................................................................................................
..................................................................................................................................................................................
..................................................................................................................................................................................
..@@....@@....@@....@@....@@....@@....@@....@@....@@....@@....@@....@@....@@....@@....@@....@@....@@....@@....@@....@@....@@....@@....@@....@@....@@....@@....@@....@@....@@......
..................................................................................................................................................................................
..................................................................................................................................................................................
..................................................................................................................................................................................
..................................................................................................................................................................................
..................................................................................................................................................................................
..................................................................................................................................................................................
22
5 133 3 7
15 0 9 112
18 90 5 1
0 79 10 175
18 9 13 152
18 29 10 153
7 91 18 0
17 166 16 42
14 95 1 6
8 101 18 6
16 21 17 177
11 28 5 167
13 0 18 127
16 88 0 175
16 118 17 7
3 57 15 177
15 103 8 6
18 43 10 146
3 65 8 162
17 71 8 174
2 131 11 1
11 3 15 161
