24 19
...................
...................
..@@.@@.@@.@@.@@...
...................
..@@.@@.@@.@@.@@...
...................
..@@.@@.@@.@@.@@...
...................
..@@.@@.@@.@@.@@...
...................
..@@.@@.@@.@@.@@...
...................
..@@.@@.@@.@@.@@...
...................
..@@.@@.@@.@@.@@...
...................
..@@.@@.@@.@@.@@...
...................
..@@.@@.@@.@@.@@...
...................
..@@.@@.@@.@@.@@...
...................
...................
...................
25
7 18 15 10
1 1 0 8
0 0 15 3
12 16 22 6
10 10 0 14
15 1 23 16
21 18 7 11
5 13 11 13
13 16 23 17
16 13 11 6
15 5 17 18
5 0 3 10
19 12 3 0
3 0 3 3
5 18 17 13
12 4 18 18
7 4 17 5
1 15 1 0
19 15 3 14
0 5 9 0
11 13 20 10
21 10 1 16
19 14 13 16
0 14 2 13
13 10 23 12
