26 34
..................................
..................................
..@@.@@.@@.@@.@@.@@.@@.@@.@@.@@...
..................................
..@@.@@.@@.@@.@@.@@.@@.@@.@@.@@...
..................................
..@@.@@.@@.@@.@@.@@.@@.@@.@@.@@...
..................................
..@@.@@.@@.@@.@@.@@.@@.@@.@@.@@...
..................................
..@@.@@.@@.@@.@@.@@.@@.@@.@@.@@...
..................................
..@@.@@.@@.@@.@@.@@.@@.@@.@@.@@...
..................................
..@@.@@.@@.@@.@@.@@.@@.@@.@@.@@...
..................................
..@@.@@.@@.@@.@@.@@.@@.@@.@@.@@...
..................................
..@@.@@.@@.@@.@@.@@.@@.@@.@@.@@...
..................................
..@@.@@.@@.@@.@@.@@.@@.@@.@@.@@...
..................................
..@@.@@.@@.@@.@@.@@.@@.@@.@@.@@...
..................................
..................................
..................................
31
9 10 21 25
8 1 16 7
3 23 11 3
20 7 17 27
15 14 1 18
17 25 20 0
2 16 25 17
2 31 23 10
17 22 5 18
11 22 19 1
25 4 3 14
6 13 1 28
2 10 14 13
11 1 24 11
19 11 13 33
25 5 15 24
19 30 9 22
24 7 16 22
18 10 4 16
21 28 14 10
5 29 2 16
25 28 11 32
23 11 14 1
17 31 15 8
3 22 21 0
18 7 24 23
16 1 8 22
25 18 15 14
10 33 22 25
1 4 21 26
21 24 7 28
