28 22
......................
......................
..@@.@@.@@.@@.@@.@@...
......................
..@@.@@.@@.@@.@@.@@...
......................
..@@.@@.@@.@@.@@.@@...
......................
..@@.@@.@@.@@.@@.@@...
......................
..@@.@@.@@.@@.@@.@@...
......................
..@@.@@.@@.@@.@@.@@...
......................
..@@.@@.@@.@@.@@.@@...
......................
..@@.@@.@@.@@.@@.@@...
......................
..@@.@@.@@.@@.@@.@@...
......................
..@@.@@.@@.@@.@@.@@...
......................
..@@.@@.@@.@@.@@.@@...
......................
..@@.@@.@@.@@.@@.@@...
......................
......................
......................
21
11 2 14 10
3 19 3 2
21 0 13 7
17 6 15 5
11 14 14 7
11 7 0 2
15 14 24 19
26 20 27 8
21 15 23 17
17 20 17 19
1 8 15 7
23 9 27 14
1 2 7 19
23 1 27 15
18 0 17 12
5 21 13 11
12 1 21 0
19 5 2 21
3 10 18 10
8 20 6 4
19 3 0 5
