32 10
..........
..........
..@@.@@...
..........
..@@.@@...
..........
..@@.@@...
..........
..@@.@@...
..........
..@@.@@...
..........
..@@.@@...
..........
..@@.@@...
..........
..@@.@@...
..........
..@@.@@...
..........
..@@.@@...
..........
..@@.@@...
..........
..@@.@@...
..........
..@@.@@...
..........
..@@.@@...
..........
..........
..........
20
27 9 22 0
29 6 11 9
16 4 14 9
7 3 25 7
17 9 27 9
25 4 30 1
9 1 27 2
23 7 27 1
5 7 7 6
27 6 3 4
21 9 18 4
8 0 29 7
5 8 8 4
14 9 16 4
6 9 17 2
11 0 24 9
29 5 2 8
13 9 9 5
27 3 4 8
11 4 3 5
