24 16
................
................
..@@.@@.@@.@@...
................
..@@.@@.@@.@@...
................
..@@.@@.@@.@@...
................
..@@.@@.@@.@@...
................
..@@.@@.@@.@@...
................
..@@.@@.@@.@@...
................
..@@.@@.@@.@@...
................
..@@.@@.@@.@@...
................
..@@.@@.@@.@@...
................
..@@.@@.@@.@@...
................
................
................
23
9 7 3 5
0 5 9 0
21 7 9 5
13 12 4 15
13 2 7 2
10 10 14 14
5 14 12 1
23 13 16 14
7 7 4 14
21 11 15 4
17 8 9 6
15 8 9 1
9 13 18 10
20 7 11 9
9 9 11 1
14 13 14 15
11 10 7 11
3 9 3 8
14 7 1 12
7 3 9 3
11 15 9 2
0 15 17 3
21 14 0 14
