28 16
................
................
..@@.@@.@@.@@...
................
..@@.@@.@@.@@...
................
..@@.@@.@@.@@...
................
..@@.@@.@@.@@...
................
..@@.@@.@@.@@...
................
..@@.@@.@@.@@...
................
..@@.@@.@@.@@...
................
..@@.@@.@@.@@...
................
..@@.@@.@@.@@...
................
..@@.@@.@@.@@...
................
..@@.@@.@@.@@...
................
..@@.@@.@@.@@...
................
................
................
35
11 2 27 5
3 14 23 1
21 0 18 7
17 4 27 10
11 10 21 0
11 5 9 4
15 10 3 12
26 14 26 3
21 11 4 4
17 15 15 9
1 6 22 15
23 6 10 1
1 1 3 13
14 7 6 15
27 10 18 13
17 9 25 9
13 8 12 13
24 1 13 12
10 13 0 3
20 15 10 15
18 7 1 12
0 4 26 6
18 0 23 12
3 1 23 4
13 5 25 14
15 4 11 10
0 1 16 14
24 13 0 7
26 5 18 14
5 15 16 10
12 0 8 7
19 4 17 14
3 7 15 5
8 15 7 14
19 2 4 1
