38 22
......................
......................
..@@.@@.@@.@@.@@.@@...
......................
..@@.@@.@@.@@.@@.@@...
......................
..@@.@@.@@.@@.@@.@@...
......................
..@@.@@.@@.@@.@@.@@...
......................
..@@.@@.@@.@@.@@.@@...
......................
..@@.@@.@@.@@.@@.@@...
......................
..@@.@@.@@.@@.@@.@@...
......................
..@@.@@.@@.@@.@@.@@...
......................
..@@.@@.@@.@@.@@.@@...
......................
..@@.@@.@@.@@.@@.@@...
......................
..@@.@@.@@.@@.@@.@@...
......................
..@@.@@.@@.@@.@@.@@...
......................
..@@.@@.@@.@@.@@.@@...
......................
..@@.@@.@@.@@.@@.@@...
......................
..@@.@@.@@.@@.@@.@@...
......................
..@@.@@.@@.@@.@@.@@...
......................
..@@.@@.@@.@@.@@.@@...
......................
......................
......................
22
7 4 3 13
7 13 6 7
0 7 31 18
3 4 0 8
2 20 28 13
9 0 15 7
1 14 13 2
13 1 29 11
27 11 15 9
26 13 30 16
30 1 8 16
35 19 23 2
36 0 14 16
10 19 9 14
23 5 34 0
36 8 27 4
36 2 27 7
2 7 29 18
9 15 29 1
0 12 24 0
36 21 0 6
31 14 21 5
