22 22
......................
......................
..@@.@@.@@.@@.@@.@@...
......................
..@@.@@.@@.@@.@@.@@...
......................
..@@.@@.@@.@@.@@.@@...
......................
..@@.@@.@@.@@.@@.@@...
......................
..@@.@@.@@.@@.@@.@@...
......................
..@@.@@.@@.@@.@@.@@...
......................
..@@.@@.@@.@@.@@.@@...
......................
..@@.@@.@@.@@.@@.@@...
......................
..@@.@@.@@.@@.@@.@@...
......................
......................
......................
23
14 16 19 0
2 7 17 4
5 8 7 19
1 4 17 2
18 16 11 7
3 11 15 20
19 2 0 14
17 11 0 10
0 18 3 2
20 2 3 4
19 9 8 13
17 19 11 1
11 15 7 0
8 19 20 3
5 7 12 16
12 7 20 20
7 3 20 19
10 1 2 7
0 1 3 15
15 16 12 4
5 9 10 19
12 4 7 12
4 1 17 17
