38 22
......................
......................
..@@.@@.@@.@@.@@.@@...
......................
..@@.@@.@@.@@.@@.@@...
......................
..@@.@@.@@.@@.@@.@@...
......................
..@@.@@.@@.@@.@@.@@...
......................
..@@.@@.@@.@@.@@.@@...
......................
..@@.@@.@@.@@.@@.@@...
......................
..@@.@@.@@.@@.@@.@@...
......................
..@@.@@.@@.@@.@@.@@...
......................
..@@.@@.@@.@@.@@.@@...
......................
..@@.@@.@@.@@.@@.@@...
......................
..@@.@@.@@.@@.@@.@@...
......................
..@@.@@.@@.@@.@@.@@...
......................
..@@.@@.@@.@@.@@.@@...
......................
..@@.@@.@@.@@.@@.@@...
......................
..@@.@@.@@.@@.@@.@@...
......................
..@@.@@.@@.@@.@@.@@...
......................
..@@.@@.@@.@@.@@.@@...
......................
......................
......................
22
10 1 15 12
23 2 7 18
31 19 13 10
33 21 11 7
21 18 25 13
16 19 23 13
9 7 19 2
31 21 7 17
9 16 24 4
37 17 14 19
7 0 29 11
14 21 15 4
11 17 18 7
27 15 4 7
17 13 23 10
24 13 5 6
5 14 5 12
31 20 14 10
22 19 27 4
11 9 19 13
18 20 1 8
1 11 14 16
