24 19
...................
...................
..@@.@@.@@.@@.@@...
...................
..@@.@@.@@.@@.@@...
...................
..@@.@@.@@.@@.@@...
...................
..@@.@@.@@.@@.@@...
...................
..@@.@@.@@.@@.@@...
...................
..@@.@@.@@.@@.@@...
...................
..@@.@@.@@.@@.@@...
...................
..@@.@@.@@.@@.@@...
...................
..@@.@@.@@.@@.@@...
...................
..@@.@@.@@.@@.@@...
...................
...................
...................
26
9 9 23 4
15 1 17 3
22 11 20 17
20 4 1 12
7 1 22 5
22 9 10 4
15 8 17 8
13 5 13 3
15 17 13 7
3 8 0 3
15 11 5 18
17 1 15 18
12 13 15 15
22 18 3 15
3 9 15 4
11 14 18 0
22 10 9 14
22 8 19 12
18 17 2 18
5 1 5 8
0 18 19 6
0 1 17 16
2 13 0 7
11 3 22 0
10 0 21 3
8 4 7 14
