26 34
..................................
..................................
..@@.@@.@@.@@.@@.@@.@@.@@.@@.@@...
..................................
..@@.@@.@@.@@.@@.@@.@@.@@.@@.@@...
..................................
..@@.@@.@@.@@.@@.@@.@@.@@.@@.@@...
..................................
..@@.@@.@@.@@.@@.@@.@@.@@.@@.@@...
..................................
..@@.@@.@@.@@.@@.@@.@@.@@.@@.@@...
..................................
..@@.@@.@@.@@.@@.@@.@@.@@.@@.@@...
..................................
..@@.@@.@@.@@.@@.@@.@@.@@.@@.@@...
..................................
..@@.@@.@@.@@.@@.@@.@@.@@.@@.@@...
..................................
..@@.@@.@@.@@.@@.@@.@@.@@.@@.@@...
..................................
..@@.@@.@@.@@.@@.@@.@@.@@.@@.@@...
..................................
..@@.@@.@@.@@.@@.@@.@@.@@.@@.@@...
..................................
..................................
..................................
31
17 14 24 22
19 2 9 10
1 14 20 7
19 3 13 13
22 4 18 28
4 4 21 17
22 19 9 25
19 8 0 25
0 33 0 19
23 25 3 22
22 32 3 27
21 4 1 14
13 27 8 10
10 16 23 27
6 13 15 2
1 28 14 19
19 24 0 7
3 11 5 25
10 4 15 18
25 17 9 31
23 14 5 10
13 3 0 23
8 16 2 25
9 28 22 33
5 3 25 26
11 30 11 5
5 8 20 19
0 2 22 22
14 13 17 30
4 28 11 6
2 25 21 1
